223234.0	190912.0	18338.0	2428.0	2160.0	0.0	4685.0	4711.0	0.0	4711.0
113605.0	82323.0	25226.0	201.0	225.0	85.0	3186.0	2359.0	0.0	2359.0
71513.0	59305.0	688.0	792.0	17.0	339.0	8327.0	2045.0	8.0	2037.0
81209.0	61634.0	17768.0	204.0	884.0	0.0	216.0	503.0	64.0	439.0
102268.0	79988.0	16040.0	290.0	796.0	12.0	3207.0	1935.0	142.0	1793.0
105882.0	71582.0	29736.0	93.0	946.0	120.0	1502.0	1903.0	146.0	1757.0
658573.0	341788.0	285001.0	1846.0	11523.0	0.0	9081.0	9334.0	353.0	8981.0
92729.0	79178.0	10533.0	224.0	117.0	0.0	620.0	2057.0	1279.0	778.0
164542.0	116738.0	37396.0	586.0	7191.0	0.0	197.0	2434.0	0.0	2434.0
98915.0	77744.0	13999.0	435.0	1695.0	80.0	2831.0	2131.0	104.0	2027.0
372909.0	250321.0	92197.0	2331.0	10309.0	132.0	7659.0	9960.0	513.0	9447.0
96774.0	90252.0	3820.0	71.0	593.0	0.0	1222.0	816.0	27.0	789.0
413210.0	240449.0	150159.0	2915.0	7779.0	61.0	3449.0	8398.0	496.0	7902.0
226486.0	78586.0	132115.0	816.0	7273.0	0.0	3458.0	4238.0	444.0	3794.0
217702.0	173941.0	27252.0	1555.0	4070.0	0.0	4958.0	5926.0	504.0	5422.0
79978.0	50787.0	26486.0	385.0	413.0	133.0	164.0	1610.0	81.0	1529.0
209355.0	134432.0	68660.0	87.0	3491.0	125.0	1053.0	1507.0	205.0	1302.0
288000.0	180389.0	15207.0	25556.0	25976.0	8041.0	6490.0	26341.0	860.0	25481.0
96849.0	73145.0	3962.0	8955.0	3173.0	117.0	1241.0	6256.0	490.0	5766.0
108317.0	88690.0	1699.0	8489.0	1681.0	326.0	416.0	7016.0	229.0	6787.0
71887.0	15109.0	721.0	53480.0	160.0	15.0	1127.0	1275.0	637.0	638.0
125922.0	108177.0	6163.0	1006.0	2795.0	129.0	2141.0	5511.0	448.0	5063.0
143476.0	91649.0	1364.0	37187.0	2730.0	419.0	3897.0	6230.0	253.0	5977.0
4485414.0	3547155.0	266128.0	93358.0	192301.0	10045.0	213953.0	162474.0	31995.0	130479.0
212181.0	188756.0	1496.0	4358.0	1923.0	138.0	7608.0	7902.0	1169.0	6733.0
110924.0	51262.0	1309.0	50892.0	193.0	136.0	3817.0	3315.0	306.0	3009.0
1047279.0	795391.0	38343.0	40603.0	29276.0	1733.0	82611.0	59322.0	12368.0	46954.0
462789.0	366928.0	21264.0	25035.0	6642.0	1197.0	21525.0	20198.0	2813.0	17385.0
235099.0	209030.0	2020.0	4526.0	2543.0	51.0	12111.0	4818.0	931.0	3887.0
213787.0	189117.0	3244.0	2900.0	2388.0	242.0	9376.0	6520.0	840.0	5680.0
279141.0	243511.0	4371.0	4314.0	10818.0	1907.0	5019.0	9201.0	1220.0	7981.0
110332.0	86310.0	18031.0	188.0	1527.0	0.0	507.0	3769.0	937.0	2832.0
126007.0	104065.0	15337.0	194.0	1401.0	0.0	1766.0	3244.0	28.0	3216.0
99386.0	86188.0	8275.0	849.0	951.0	0.0	633.0	2490.0	69.0	2421.0
391911.0	216942.0	147026.0	1365.0	8522.0	289.0	7095.0	10672.0	374.0	10298.0
122437.0	107328.0	9375.0	246.0	1747.0	0.0	632.0	3109.0	34.0	3075.0
127827.0	92977.0	8891.0	1031.0	5647.0	0.0	11058.0	8223.0	1508.0	6715.0
239187.0	188340.0	9389.0	2251.0	6116.0	6769.0	18738.0	7584.0	1387.0	6197.0
78753.0	71325.0	4524.0	768.0	0.0	0.0	1196.0	940.0	0.0	940.0
1671329.0	649209.0	178246.0	12648.0	520313.0	13503.0	191329.0	106081.0	20104.0	85977.0
219186.0	175765.0	3984.0	2333.0	10365.0	798.0	12272.0	13669.0	1491.0	12178.0
1153526.0	600481.0	101590.0	5863.0	205366.0	4625.0	162355.0	73246.0	17040.0	56206.0
192843.0	167011.0	1644.0	2540.0	10114.0	125.0	4845.0	6564.0	1078.0	5486.0
999101.0	638792.0	47391.0	13588.0	104859.0	1953.0	152697.0	39821.0	9428.0	30393.0
135558.0	106738.0	2059.0	7073.0	3525.0	539.0	4906.0	10718.0	1372.0	9346.0
181215.0	125807.0	3979.0	3791.0	2589.0	0.0	41162.0	3887.0	2128.0	1759.0
900202.0	645240.0	46432.0	8906.0	42066.0	907.0	122148.0	34503.0	9236.0	25267.0
152940.0	115128.0	8635.0	2804.0	5104.0	460.0	13840.0	6969.0	303.0	6666.0
64386.0	50669.0	1247.0	2540.0	499.0	27.0	6062.0	3342.0	336.0	3006.0
10039107.0	5234081.0	811176.0	81491.0	1474713.0	26307.0	1997842.0	413497.0	119327.0	294170.0
157327.0	107073.0	4138.0	1810.0	3838.0	1131.0	35503.0	3834.0	751.0	3083.0
258826.0	204109.0	7058.0	1534.0	16663.0	273.0	18564.0	10625.0	714.0	9911.0
86749.0	73467.0	823.0	4610.0	1954.0	135.0	2696.0	3064.0	189.0	2875.0
277680.0	141038.0	9337.0	2821.0	20581.0	34.0	95138.0	8731.0	3429.0	5302.0
434061.0	196483.0	12231.0	2057.0	26860.0	1288.0	178002.0	17140.0	3416.0	13724.0
137744.0	101380.0	3314.0	815.0	11552.0	271.0	14604.0	5808.0	1284.0	4524.0
99755.0	92832.0	310.0	487.0	1243.0	342.0	314.0	4227.0	0.0	4227.0
3175692.0	1881453.0	55517.0	12961.0	672223.0	11166.0	410006.0	132366.0	22079.0	110287.0
398329.0	329697.0	7771.0	2238.0	32784.0	700.0	5421.0	19718.0	3400.0	16318.0
2470546.0	1478117.0	163542.0	20934.0	172785.0	8695.0	517882.0	108591.0	30160.0	78431.0
1552058.0	859356.0	148840.0	11004.0	250836.0	19153.0	138724.0	124145.0	19860.0	104285.0
2180085.0	1351926.0	181122.0	17061.0	160336.0	8247.0	346772.0	114621.0	36975.0	77646.0
3338330.0	2368310.0	164475.0	23116.0	404836.0	13736.0	177471.0	186386.0	31692.0	154694.0
881549.0	398662.0	48225.0	3568.0	307649.0	3785.0	69536.0	50124.0	10522.0	39602.0
762148.0	431364.0	52493.0	4831.0	123090.0	5279.0	55774.0	89317.0	7429.0	81888.0
283111.0	242058.0	5107.0	3475.0	11041.0	253.0	11291.0	9886.0	808.0	9078.0
766573.0	381129.0	17625.0	3330.0	230398.0	9496.0	84658.0	39937.0	6987.0	32950.0
446499.0	343029.0	9809.0	5079.0	25843.0	447.0	46682.0	15610.0	2403.0	13207.0
1927852.0	870226.0	49308.0	8607.0	726712.0	7082.0	163090.0	102827.0	16152.0	86675.0
273213.0	210821.0	4743.0	1460.0	14422.0	212.0	27687.0	13868.0	1855.0	12013.0
180080.0	154887.0	1878.0	4027.0	6316.0	550.0	4133.0	8289.0	580.0	7709.0
447643.0	240947.0	61052.0	2450.0	69555.0	4125.0	35039.0	34475.0	3875.0	30600.0
494336.0	364751.0	7410.0	4392.0	20748.0	1864.0	67532.0	27639.0	6394.0	21245.0
550660.0	442681.0	16542.0	4230.0	32487.0	3363.0	29002.0	22355.0	6772.0	15583.0
96971.0	65941.0	1793.0	906.0	15955.0	184.0	4888.0	7304.0	516.0	6788.0
65084.0	55148.0	224.0	472.0	1166.0	46.0	3990.0	4038.0	918.0	3120.0
466195.0	314748.0	6811.0	7103.0	16248.0	862.0	99210.0	21213.0	8811.0	12402.0
846006.0	678174.0	15510.0	5745.0	63728.0	1139.0	43078.0	38632.0	6859.0	31773.0
220500.0	158079.0	6192.0	2204.0	32179.0	1073.0	9238.0	11535.0	1937.0	9598.0
78668.0	62576.0	2677.0	494.0	4235.0	645.0	1838.0	6203.0	187.0	6016.0
517421.0	410925.0	18728.0	4884.0	20608.0	692.0	33151.0	28433.0	4359.0	24074.0
656590.0	467262.0	73012.0	5086.0	41348.0	1602.0	37364.0	30916.0	4432.0	26484.0
326196.0	291979.0	3897.0	1000.0	16360.0	76.0	3827.0	9057.0	1833.0	7224.0
70465.0	60615.0	1019.0	300.0	5048.0	0.0	1310.0	2173.0	206.0	1967.0
727211.0	561365.0	62853.0	4596.0	26532.0	505.0	38352.0	33008.0	4255.0	28753.0
351154.0	309421.0	6114.0	1679.0	18465.0	0.0	5275.0	10200.0	1123.0	9077.0
720403.0	570068.0	45784.0	6960.0	20001.0	2263.0	28083.0	47244.0	8231.0	39013.0
582881.0	526137.0	6943.0	4885.0	15706.0	219.0	10103.0	18888.0	2058.0	16830.0
356899.0	324847.0	3423.0	3996.0	7187.0	469.0	6105.0	10872.0	1892.0	8980.0
154210.0	145148.0	836.0	1144.0	1634.0	0.0	1279.0	4169.0	553.0	3616.0
168424.0	137775.0	4327.0	6434.0	1435.0	221.0	10552.0	7680.0	2011.0	5669.0
324492.0	284067.0	4242.0	3074.0	4719.0	580.0	15071.0	12739.0	1972.0	10767.0
943332.0	678975.0	114682.0	984.0	50380.0	516.0	65164.0	32631.0	9209.0	23422.0
891720.0	609205.0	120195.0	3150.0	51618.0	532.0	64363.0	42657.0	8622.0	34035.0
180333.0	166674.0	2863.0	336.0	4049.0	0.0	2186.0	4225.0	814.0	3411.0
162436.0	139811.0	10074.0	392.0	5148.0	0.0	3317.0	3694.0	385.0	3309.0
854757.0	613987.0	122987.0	1570.0	34348.0	41.0	51459.0	30365.0	5467.0	24898.0
265206.0	213621.0	17205.0	2383.0	11608.0	0.0	9775.0	10614.0	949.0	9665.0
150721.0	131854.0	5462.0	103.0	7552.0	11.0	2245.0	3494.0	44.0	3450.0
116782.0	106101.0	3277.0	134.0	1690.0	55.0	2137.0	3388.0	172.0	3216.0
180786.0	118702.0	46829.0	1801.0	2977.0	167.0	1627.0	8683.0	1005.0	7678.0
558753.0	351478.0	143765.0	1780.0	30276.0	261.0	14060.0	17133.0	1905.0	15228.0
234225.0	189539.0	28824.0	772.0	3339.0	0.0	7400.0	4351.0	308.0	4043.0
705749.0	300058.0	320704.0	1886.0	28722.0	190.0	30868.0	23321.0	2545.0	20776.0
269043.0	182396.0	51376.0	711.0	15637.0	1367.0	4162.0	13394.0	1801.0	11593.0
174705.0	141875.0	17297.0	342.0	4001.0	1419.0	3297.0	6474.0	1195.0	5279.0
601942.0	493588.0	53058.0	1596.0	15018.0	623.0	11321.0	26738.0	1344.0	25394.0
1952778.0	1180665.0	562835.0	4803.0	73124.0	1504.0	61417.0	68430.0	13519.0	54911.0
188910.0	168816.0	10244.0	834.0	2523.0	195.0	3866.0	2432.0	235.0	2197.0
149657.0	137716.0	5014.0	548.0	2561.0	128.0	1526.0	2164.0	207.0	1957.0
219252.0	170593.0	26746.0	461.0	6353.0	0.0	7853.0	7246.0	627.0	6619.0
384902.0	341750.0	26105.0	322.0	6029.0	0.0	5739.0	4957.0	513.0	4444.0
71686.0	55009.0	13130.0	149.0	1288.0	0.0	881.0	1229.0	199.0	1030.0
957755.0	560489.0	285600.0	3571.0	45052.0	471.0	26704.0	35868.0	4339.0	31529.0
318316.0	215114.0	70833.0	841.0	7999.0	0.0	5560.0	17969.0	939.0	17030.0
115081.0	94443.0	10232.0	360.0	3523.0	816.0	2595.0	3112.0	418.0	2694.0
193920.0	169692.0	11013.0	371.0	1931.0	225.0	3248.0	7440.0	1167.0	6273.0
106221.0	89142.0	11765.0	54.0	1649.0	0.0	3134.0	477.0	311.0	166.0
1471968.0	1024028.0	255003.0	2528.0	60593.0	1643.0	73154.0	55019.0	9916.0	45103.0
159923.0	138076.0	15496.0	171.0	1688.0	0.0	1889.0	2603.0	333.0	2270.0
367118.0	298056.0	39377.0	1047.0	7842.0	646.0	10885.0	9265.0	1380.0	7885.0
770577.0	644360.0	66440.0	1432.0	12761.0	951.0	31024.0	13609.0	1944.0	11665.0
293582.0	178573.0	92373.0	548.0	11072.0	71.0	3260.0	7685.0	399.0	7286.0
403253.0	343991.0	36200.0	569.0	8590.0	0.0	7020.0	6883.0	667.0	6216.0
365579.0	299730.0	48342.0	1486.0	4194.0	0.0	4469.0	7358.0	955.0	6403.0
161000.0	144003.0	7813.0	672.0	2398.0	0.0	2483.0	3631.0	787.0	2844.0
2716940.0	2053027.0	456189.0	4788.0	42480.0	986.0	106731.0	52739.0	13630.0	39109.0
74228.0	63808.0	6291.0	82.0	1319.0	73.0	2079.0	576.0	0.0	576.0
88625.0	78703.0	5674.0	416.0	564.0	0.0	2100.0	1168.0	112.0	1056.0
210738.0	162222.0	17644.0	1017.0	6656.0	211.0	8265.0	14723.0	1285.0	13438.0
1393452.0	885765.0	296070.0	4334.0	75180.0	1614.0	78188.0	52301.0	10437.0	41864.0
375751.0	269428.0	45340.0	692.0	10167.0	135.0	38838.0	11151.0	2350.0	8801.0
1496770.0	1083567.0	284114.0	5574.0	41879.0	177.0	40278.0	41181.0	7881.0	33300.0
553947.0	475775.0	33988.0	1456.0	14880.0	399.0	8648.0	18801.0	3372.0	15429.0
974996.0	791030.0	98811.0	2496.0	33833.0	499.0	12819.0	35508.0	4104.0	31404.0
724777.0	543681.0	110868.0	3032.0	13001.0	303.0	36903.0	16989.0	3919.0	13070.0
74521.0	59972.0	12245.0	485.0	547.0	0.0	247.0	1025.0	203.0	822.0
264672.0	233178.0	15216.0	964.0	6379.0	362.0	1226.0	7347.0	849.0	6498.0
328297.0	236472.0	64013.0	1009.0	6945.0	315.0	8121.0	11422.0	631.0	10791.0
184313.0	157163.0	11268.0	518.0	4445.0	666.0	2678.0	7575.0	1630.0	5945.0
433742.0	392685.0	18428.0	878.0	7194.0	35.0	4224.0	10298.0	255.0	10043.0
471826.0	337829.0	59469.0	2021.0	22594.0	175.0	36774.0	12964.0	931.0	12033.0
132420.0	119040.0	8298.0	1444.0	1546.0	0.0	587.0	1505.0	630.0	875.0
553284.0	435185.0	58899.0	946.0	10431.0	54.0	33368.0	14401.0	1356.0	13045.0
74071.0	64977.0	2908.0	731.0	0.0	0.0	1906.0	3549.0	303.0	3246.0
83240.0	64541.0	10094.0	143.0	3227.0	0.0	2309.0	2926.0	520.0	2406.0
107738.0	90062.0	11529.0	21.0	571.0	0.0	2425.0	3130.0	15.0	3115.0
153159.0	60153.0	83244.0	0.0	3412.0	130.0	2109.0	4111.0	485.0	3626.0
79608.0	51797.0	22620.0	217.0	965.0	0.0	1045.0	2964.0	124.0	2840.0
119992.0	88404.0	24670.0	581.0	1254.0	0.0	4039.0	1044.0	279.0	765.0
289430.0	149040.0	118414.0	993.0	7984.0	66.0	7718.0	5215.0	350.0	4865.0
258773.0	220530.0	19696.0	2545.0	4634.0	0.0	5627.0	5741.0	948.0	4793.0
128331.0	80775.0	36161.0	28.0	5434.0	0.0	1818.0	4115.0	1703.0	2412.0
292256.0	49935.0	203719.0	103.0	14986.0	1237.0	11168.0	11108.0	1255.0	9853.0
760141.0	427108.0	213192.0	3323.0	41478.0	192.0	52378.0	22470.0	4339.0	18131.0
156714.0	114364.0	26183.0	0.0	4693.0	0.0	1212.0	10262.0	2065.0	8197.0
148509.0	112588.0	27661.0	148.0	3526.0	0.0	1074.0	3512.0	0.0	3512.0
759297.0	256943.0	409327.0	11330.0	47162.0	329.0	15189.0	19017.0	3895.0	15122.0
146343.0	65461.0	70313.0	163.0	2444.0	0.0	4060.0	3902.0	18.0	3884.0
114421.0	75067.0	28099.0	0.0	4796.0	653.0	3199.0	2607.0	403.0	2204.0
98498.0	75873.0	12954.0	0.0	722.0	0.0	4601.0	4348.0	1052.0	3296.0
244252.0	182582.0	9585.0	2330.0	35925.0	0.0	7860.0	5970.0	689.0	5281.0
1063937.0	469465.0	472625.0	2068.0	76786.0	673.0	17248.0	25072.0	5325.0	19747.0
85292.0	55984.0	23597.0	539.0	672.0	183.0	2765.0	1552.0	553.0	999.0
936250.0	429774.0	266298.0	4271.0	113593.0	161.0	88086.0	34067.0	6512.0	27555.0
204441.0	174994.0	13567.0	198.0	3757.0	43.0	6009.0	5873.0	1147.0	4726.0
234561.0	106904.0	112316.0	92.0	7704.0	0.0	1880.0	5665.0	543.0	5122.0
157863.0	91443.0	49550.0	1437.0	6101.0	0.0	2620.0	6712.0	0.0	6712.0
72977.0	61658.0	5157.0	0.0	1405.0	137.0	2461.0	2159.0	937.0	1222.0
117406.0	64240.0	44053.0	1076.0	1339.0	614.0	2858.0	3226.0	115.0	3111.0
195769.0	83333.0	91340.0	940.0	5734.0	292.0	6568.0	7562.0	1310.0	6252.0
168667.0	125701.0	31020.0	349.0	2404.0	0.0	982.0	8211.0	0.0	8211.0
202518.0	71738.0	114219.0	255.0	3628.0	0.0	5695.0	6983.0	600.0	6383.0
90896.0	33387.0	50986.0	136.0	1901.0	930.0	1088.0	2468.0	543.0	1925.0
69922.0	40247.0	25464.0	213.0	1781.0	0.0	1395.0	822.0	0.0	822.0
69761.0	64123.0	4227.0	42.0	607.0	0.0	155.0	607.0	110.0	497.0
94593.0	72825.0	17174.0	142.0	1793.0	0.0	895.0	1764.0	168.0	1596.0
104628.0	93218.0	3641.0	414.0	1597.0	0.0	2312.0	3446.0	663.0	2783.0
201513.0	66070.0	826.0	1628.0	47011.0	23588.0	3494.0	58896.0	553.0	58343.0
974563.0	196270.0	25241.0	3090.0	428277.0	101448.0	16569.0	203668.0	6060.0	197608.0
72293.0	22554.0	137.0	191.0	21926.0	8227.0	744.0	18514.0	854.0	17660.0
167488.0	56312.0	719.0	1220.0	50627.0	19330.0	3890.0	35390.0	857.0	34533.0
481587.0	434358.0	6795.0	3848.0	11196.0	655.0	7446.0	17289.0	502.0	16787.0
87808.0	77618.0	729.0	2237.0	1826.0	12.0	1793.0	3593.0	1069.0	2524.0
119062.0	108330.0	374.0	611.0	1866.0	14.0	3812.0	4055.0	791.0	3264.0
229849.0	181500.0	1063.0	1567.0	2428.0	313.0	31590.0	11388.0	5600.0	5788.0
165697.0	155439.0	340.0	1411.0	1971.0	9.0	766.0	5761.0	985.0	4776.0
209689.0	149478.0	28368.0	341.0	22675.0	240.0	1789.0	6798.0	870.0	5928.0
5150233.0	2916176.0	1189794.0	16797.0	395599.0	2084.0	483181.0	146602.0	32075.0	114527.0
104897.0	85417.0	7845.0	138.0	1958.0	0.0	5587.0	3952.0	0.0	3952.0
922921.0	703358.0	45020.0	439.0	112874.0	201.0	30593.0	30436.0	6383.0	24053.0
532403.0	394664.0	30388.0	2644.0	21614.0	429.0	65266.0	17398.0	6189.0	11209.0
109862.0	88698.0	17177.0	152.0	709.0	0.0	1244.0	1882.0	406.0	1476.0
128990.0	105348.0	10485.0	209.0	3238.0	0.0	6608.0	3102.0	151.0	2951.0
696535.0	516918.0	47300.0	2373.0	55381.0	67.0	51289.0	23207.0	4026.0	19181.0
108669.0	99522.0	3359.0	0.0	875.0	0.0	3382.0	1531.0	175.0	1356.0
307774.0	284113.0	4523.0	387.0	8788.0	0.0	2795.0	7168.0	875.0	6293.0
171517.0	143711.0	14048.0	141.0	8574.0	92.0	602.0	4349.0	417.0	3932.0
104009.0	80607.0	18749.0	65.0	1209.0	73.0	264.0	3042.0	42.0	3000.0
262966.0	229354.0	21887.0	709.0	3490.0	69.0	1667.0	5790.0	200.0	5590.0
179179.0	129106.0	32993.0	81.0	7740.0	13.0	3254.0	5992.0	577.0	5415.0
141879.0	110742.0	15044.0	860.0	3082.0	0.0	6195.0	5956.0	864.0	5092.0
259686.0	167199.0	76052.0	790.0	3278.0	204.0	1569.0	10594.0	630.0	9964.0
194672.0	159527.0	25391.0	122.0	3902.0	187.0	677.0	4866.0	105.0	4761.0
131803.0	126273.0	1433.0	45.0	1375.0	0.0	392.0	2285.0	159.0	2126.0
75758.0	61830.0	10939.0	201.0	611.0	0.0	509.0	1668.0	284.0	1384.0
690743.0	508306.0	79657.0	1872.0	40123.0	0.0	38044.0	22741.0	3104.0	19637.0
66597.0	59900.0	3004.0	162.0	1189.0	0.0	259.0	2083.0	307.0	1776.0
282572.0	221622.0	39076.0	522.0	7714.0	0.0	5178.0	8460.0	841.0	7619.0
379299.0	294918.0	42717.0	1316.0	17143.0	90.0	9586.0	13529.0	512.0	13017.0
83779.0	70685.0	794.0	0.0	7136.0	0.0	2390.0	2774.0	181.0	2593.0
118302.0	103343.0	8933.0	330.0	1577.0	0.0	590.0	3529.0	0.0	3529.0
114135.0	101399.0	7186.0	114.0	1504.0	0.0	171.0	3761.0	240.0	3521.0
206341.0	171592.0	12665.0	261.0	2540.0	42.0	13961.0	5280.0	1166.0	4114.0
78522.0	70985.0	3711.0	192.0	412.0	150.0	62.0	3010.0	268.0	2742.0
65769.0	57438.0	4315.0	73.0	736.0	0.0	692.0	2515.0	67.0	2448.0
338011.0	290443.0	14768.0	529.0	22574.0	0.0	2416.0	7281.0	627.0	6654.0
170311.0	145389.0	12133.0	254.0	5902.0	61.0	2592.0	3980.0	551.0	3429.0
158167.0	141559.0	3655.0	0.0	6277.0	81.0	3312.0	3283.0	251.0	3032.0
79456.0	72911.0	1174.0	905.0	1178.0	0.0	1367.0	1921.0	935.0	986.0
485493.0	308076.0	114497.0	2022.0	7771.0	252.0	39895.0	12980.0	4930.0	8050.0
109888.0	91110.0	12032.0	318.0	737.0	44.0	1618.0	4029.0	548.0	3481.0
129569.0	114100.0	10864.0	328.0	678.0	0.0	1234.0	2365.0	87.0	2278.0
964582.0	588751.0	276376.0	3224.0	36356.0	96.0	27387.0	32392.0	3737.0	28655.0
148431.0	127639.0	4950.0	234.0	10784.0	0.0	575.0	4249.0	0.0	4249.0
170389.0	154491.0	7268.0	357.0	2494.0	99.0	1765.0	3915.0	808.0	3107.0
271826.0	209652.0	34920.0	1275.0	7243.0	73.0	7783.0	10880.0	945.0	9935.0
195732.0	157216.0	11376.0	602.0	15892.0	37.0	5503.0	5106.0	783.0	4323.0
181451.0	152831.0	17588.0	55.0	2824.0	1178.0	2398.0	4577.0	377.0	4200.0
107038.0	92535.0	7669.0	175.0	1808.0	97.0	958.0	3796.0	388.0	3408.0
65884.0	58138.0	2978.0	1329.0	1004.0	0.0	454.0	1981.0	0.0	1981.0
131228.0	109363.0	12952.0	108.0	2636.0	0.0	1138.0	5031.0	313.0	4718.0
93453.0	84101.0	2699.0	0.0	4686.0	378.0	249.0	1340.0	379.0	961.0
97311.0	89282.0	3823.0	174.0	992.0	597.0	894.0	1549.0	131.0	1418.0
151140.0	122583.0	10895.0	427.0	9073.0	82.0	3125.0	4955.0	137.0	4818.0
226706.0	197713.0	12869.0	952.0	5685.0	0.0	2229.0	7258.0	376.0	6882.0
490161.0	411634.0	38150.0	1852.0	23959.0	139.0	5161.0	9266.0	577.0	8689.0
93206.0	87339.0	1961.0	477.0	1199.0	0.0	666.0	1564.0	232.0	1332.0
172943.0	147627.0	13359.0	796.0	5315.0	0.0	1087.0	4759.0	177.0	4582.0
97117.0	81815.0	3084.0	409.0	6628.0	0.0	1684.0	3497.0	1100.0	2397.0
103107.0	88218.0	3993.0	2002.0	2760.0	0.0	1569.0	4565.0	285.0	4280.0
66911.0	61543.0	2395.0	298.0	1265.0	0.0	98.0	1312.0	125.0	1187.0
122259.0	100869.0	4299.0	2274.0	6936.0	0.0	826.0	7055.0	165.0	6890.0
602401.0	510809.0	28957.0	1003.0	31389.0	407.0	10454.0	19382.0	1175.0	18207.0
81758.0	68073.0	7093.0	867.0	1102.0	24.0	1826.0	2773.0	408.0	2365.0
74232.0	61679.0	2535.0	1466.0	3501.0	991.0	608.0	3452.0	0.0	3452.0
516042.0	401414.0	44165.0	4395.0	22311.0	122.0	17645.0	25990.0	1695.0	24295.0
176875.0	143014.0	16522.0	1434.0	2180.0	0.0	7906.0	5819.0	961.0	4858.0
165429.0	94177.0	36575.0	901.0	8747.0	100.0	17626.0	7303.0	1903.0	5400.0
133581.0	121911.0	2618.0	0.0	3807.0	0.0	2255.0	2990.0	0.0	2990.0
93584.0	87404.0	2384.0	71.0	819.0	162.0	697.0	2047.0	220.0	1827.0
70461.0	49144.0	15715.0	351.0	1231.0	991.0	1056.0	1973.0	135.0	1838.0
101511.0	90670.0	2509.0	296.0	4736.0	48.0	1403.0	1849.0	250.0	1599.0
323152.0	237490.0	47878.0	708.0	13446.0	51.0	9032.0	14547.0	3482.0	11065.0
110958.0	87590.0	13506.0	4.0	3063.0	356.0	1125.0	5314.0	827.0	4487.0
766757.0	546872.0	171781.0	1302.0	22829.0	502.0	5032.0	18439.0	642.0	17797.0
166998.0	150351.0	6710.0	205.0	2219.0	0.0	2182.0	5331.0	283.0	5048.0
65418.0	55310.0	5307.0	724.0	727.0	0.0	343.0	3007.0	345.0	2662.0
92987.0	84907.0	3616.0	470.0	527.0	1189.0	398.0	1880.0	0.0	1880.0
66799.0	61450.0	3474.0	0.0	1133.0	30.0	21.0	691.0	39.0	652.0
132896.0	107619.0	11640.0	509.0	5895.0	292.0	2370.0	4571.0	506.0	4065.0
127039.0	90720.0	29422.0	831.0	2756.0	0.0	1096.0	2214.0	479.0	1735.0
240204.0	110929.0	119896.0	879.0	2944.0	400.0	797.0	4359.0	1329.0	3030.0
203436.0	141761.0	51058.0	133.0	3176.0	33.0	2121.0	5154.0	208.0	4946.0
440059.0	202115.0	207515.0	664.0	14095.0	0.0	8907.0	6763.0	1083.0	5680.0
69830.0	41591.0	22861.0	74.0	1745.0	0.0	1875.0	1684.0	321.0	1363.0
432493.0	272355.0	117383.0	2290.0	19571.0	46.0	11414.0	9434.0	1769.0	7665.0
244390.0	168574.0	65388.0	908.0	4521.0	0.0	1894.0	3105.0	255.0	2850.0
97614.0	78421.0	13911.0	1937.0	550.0	0.0	0.0	2795.0	430.0	2365.0
390144.0	132595.0	229418.0	1349.0	11049.0	29.0	7684.0	8020.0	617.0	7403.0
153279.0	87618.0	57876.0	273.0	1127.0	0.0	4287.0	2098.0	79.0	2019.0
129648.0	82021.0	41183.0	283.0	1663.0	0.0	943.0	3555.0	81.0	3474.0
260419.0	214124.0	34215.0	2282.0	3616.0	0.0	1793.0	4389.0	564.0	3825.0
110461.0	77626.0	21372.0	5533.0	1218.0	0.0	1499.0	3213.0	0.0	3213.0
108277.0	98890.0	3755.0	8.0	1039.0	0.0	409.0	4176.0	184.0	3992.0
67055.0	63388.0	651.0	1452.0	333.0	0.0	143.0	1088.0	7.0	1081.0
295003.0	269684.0	10161.0	1027.0	6590.0	30.0	1126.0	6385.0	356.0	6029.0
122302.0	116835.0	1802.0	132.0	574.0	0.0	422.0	2537.0	91.0	2446.0
152148.0	142957.0	1313.0	2101.0	1708.0	65.0	1040.0	2964.0	117.0	2847.0
207641.0	197350.0	2374.0	1376.0	2314.0	56.0	839.0	3332.0	579.0	2753.0
70416.0	61563.0	5642.0	124.0	815.0	15.0	53.0	2204.0	95.0	2109.0
579234.0	417915.0	101926.0	1312.0	21617.0	103.0	10105.0	26256.0	1739.0	24517.0
827370.0	483230.0	248401.0	2305.0	50514.0	429.0	20267.0	22224.0	2224.0	20000.0
92525.0	75277.0	11807.0	208.0	1448.0	54.0	205.0	3526.0	0.0	3526.0
168447.0	153803.0	6294.0	456.0	3332.0	0.0	706.0	3856.0	0.0	3856.0
102855.0	90092.0	7715.0	0.0	1859.0	0.0	369.0	2820.0	441.0	2379.0
163257.0	66778.0	82621.0	182.0	5467.0	50.0	2036.0	6123.0	354.0	5769.0
259547.0	206661.0	27065.0	963.0	12349.0	77.0	3076.0	9356.0	782.0	8574.0
255441.0	199416.0	36306.0	165.0	7299.0	92.0	3310.0	8853.0	422.0	8431.0
325690.0	179563.0	64061.0	1609.0	60235.0	230.0	3873.0	16119.0	1471.0	14648.0
1050688.0	536605.0	200076.0	4413.0	157335.0	252.0	106894.0	45113.0	7886.0	37227.0
909327.0	145611.0	561709.0	3262.0	37198.0	741.0	134238.0	26568.0	2306.0	24262.0
113510.0	87179.0	17644.0	102.0	2390.0	0.0	1769.0	4426.0	362.0	4064.0
151049.0	121625.0	18086.0	109.0	3125.0	111.0	2104.0	5889.0	185.0	5704.0
103609.0	67608.0	26744.0	785.0	3333.0	56.0	2332.0	2751.0	377.0	2374.0
593490.0	179979.0	371243.0	2206.0	15776.0	243.0	11425.0	12618.0	1377.0	11241.0
212990.0	194743.0	6639.0	1590.0	2294.0	0.0	2589.0	5135.0	460.0	4675.0
124944.0	111686.0	3863.0	173.0	2121.0	0.0	3009.0	4092.0	547.0	3545.0
565217.0	474159.0	28293.0	1814.0	13244.0	89.0	31747.0	15871.0	4403.0	11468.0
789034.0	609454.0	35703.0	1863.0	28130.0	208.0	92425.0	21251.0	6288.0	14963.0
70180.0	64622.0	912.0	63.0	1030.0	0.0	1228.0	2325.0	170.0	2155.0
466372.0	372569.0	41626.0	976.0	11951.0	267.0	20863.0	18120.0	2360.0	15760.0
160830.0	139472.0	3331.0	196.0	9022.0	332.0	2127.0	6350.0	650.0	5700.0
1611699.0	1213313.0	87408.0	4257.0	199515.0	958.0	53018.0	53230.0	7023.0	46207.0
706775.0	536931.0	51241.0	1540.0	83177.0	243.0	11483.0	22160.0	2611.0	19549.0
521202.0	427519.0	59873.0	1168.0	8497.0	0.0	12369.0	11776.0	2597.0	9179.0
803907.0	443334.0	178818.0	1814.0	71580.0	616.0	44334.0	63411.0	5771.0	57640.0
830622.0	693808.0	42274.0	2304.0	42327.0	285.0	23453.0	26171.0	4493.0	21678.0
118081.0	110852.0	1825.0	554.0	372.0	0.0	664.0	3814.0	507.0	3307.0
103126.0	97404.0	1778.0	204.0	406.0	0.0	553.0	2781.0	223.0	2558.0
153401.0	121331.0	22252.0	876.0	2557.0	0.0	1338.0	5047.0	782.0	4265.0
134159.0	107815.0	14238.0	812.0	3765.0	0.0	1374.0	6155.0	702.0	5453.0
79595.0	73461.0	1786.0	114.0	1167.0	0.0	994.0	2073.0	302.0	1771.0
110268.0	95546.0	8178.0	939.0	2591.0	0.0	135.0	2879.0	0.0	2879.0
405813.0	301546.0	81575.0	2048.0	3919.0	91.0	1845.0	14789.0	1719.0	13070.0
93088.0	88601.0	853.0	531.0	538.0	177.0	0.0	2388.0	0.0	2388.0
292406.0	218215.0	36629.0	2002.0	20590.0	0.0	2198.0	12772.0	868.0	11904.0
69872.0	61646.0	2098.0	2292.0	1275.0	0.0	171.0	2390.0	70.0	2320.0
158510.0	138115.0	10910.0	488.0	1583.0	0.0	644.0	6770.0	186.0	6584.0
265066.0	211916.0	31139.0	521.0	6344.0	0.0	2396.0	12750.0	636.0	12114.0
656955.0	520702.0	60661.0	1631.0	19244.0	48.0	21116.0	33553.0	3083.0	30470.0
87607.0	83183.0	1264.0	165.0	625.0	0.0	830.0	1540.0	17.0	1523.0
98451.0	92654.0	1889.0	336.0	361.0	47.0	367.0	2797.0	31.0	2766.0
191995.0	185219.0	888.0	569.0	2191.0	0.0	328.0	2800.0	44.0	2756.0
873972.0	697499.0	102177.0	3137.0	38878.0	675.0	5450.0	26156.0	946.0	25210.0
66699.0	62116.0	1074.0	491.0	433.0	39.0	153.0	2393.0	82.0	2311.0
83156.0	77214.0	1125.0	413.0	1964.0	0.0	823.0	1617.0	0.0	1617.0
150500.0	141315.0	3215.0	618.0	595.0	0.0	490.0	4267.0	258.0	4009.0
173566.0	140494.0	23136.0	1513.0	772.0	65.0	1392.0	6194.0	583.0	5611.0
1257584.0	942056.0	170588.0	3368.0	101642.0	172.0	7179.0	32579.0	2962.0	29617.0
291830.0	260091.0	5010.0	879.0	8595.0	0.0	9880.0	7375.0	464.0	6911.0
190539.0	144761.0	35251.0	752.0	2517.0	0.0	2174.0	5084.0	707.0	4377.0
159128.0	148702.0	4789.0	246.0	962.0	133.0	1213.0	3083.0	77.0	3006.0
75677.0	67466.0	2493.0	172.0	513.0	0.0	2376.0	2657.0	202.0	2455.0
367601.0	270532.0	44448.0	1564.0	33018.0	0.0	2391.0	15648.0	964.0	14684.0
1749343.0	922540.0	674108.0	7182.0	61182.0	110.0	38571.0	45650.0	4501.0	41149.0
356921.0	293048.0	25635.0	2103.0	17982.0	42.0	6295.0	11816.0	1000.0	10816.0
67653.0	61178.0	3281.0	185.0	1683.0	0.0	322.0	1004.0	8.0	996.0
105089.0	95967.0	345.0	258.0	4958.0	18.0	943.0	2600.0	283.0	2317.0
65055.0	62182.0	634.0	668.0	356.0	0.0	328.0	887.0	124.0	763.0
429021.0	345069.0	31116.0	1432.0	22343.0	0.0	13897.0	15164.0	1469.0	13695.0
1265843.0	904234.0	165711.0	8044.0	92825.0	746.0	38723.0	55560.0	5866.0	49694.0
158293.0	132020.0	9797.0	363.0	10027.0	441.0	874.0	4771.0	195.0	4576.0
550321.0	361977.0	68554.0	2639.0	82800.0	130.0	9542.0	24679.0	1851.0	22828.0
66972.0	57069.0	2986.0	842.0	1450.0	0.0	1850.0	2775.0	730.0	2045.0
199070.0	182664.0	3517.0	4018.0	2065.0	106.0	992.0	5708.0	526.0	5182.0
149013.0	123678.0	7320.0	434.0	7793.0	6.0	3354.0	6428.0	292.0	6136.0
97238.0	88982.0	3087.0	615.0	833.0	0.0	1432.0	2289.0	199.0	2090.0
161075.0	139161.0	11539.0	323.0	2837.0	0.0	1928.0	5287.0	547.0	4740.0
262440.0	220422.0	11888.0	475.0	17099.0	80.0	2887.0	9589.0	1977.0	7612.0
138377.0	128720.0	2281.0	454.0	1497.0	0.0	2441.0	2984.0	325.0	2659.0
184945.0	119740.0	55988.0	275.0	3175.0	0.0	2464.0	3303.0	669.0	2634.0
208080.0	139587.0	52737.0	244.0	4901.0	0.0	895.0	9716.0	462.0	9254.0
231840.0	58183.0	168989.0	1038.0	1824.0	0.0	290.0	1516.0	233.0	1283.0
143617.0	103118.0	29785.0	1078.0	3541.0	0.0	2479.0	3616.0	65.0	3551.0
74125.0	39933.0	32775.0	31.0	442.0	0.0	294.0	650.0	44.0	606.0
106272.0	61087.0	40228.0	0.0	2979.0	0.0	759.0	1219.0	76.0	1143.0
155271.0	115982.0	33741.0	181.0	1933.0	0.0	1642.0	1792.0	0.0	1792.0
180463.0	146438.0	14589.0	592.0	8794.0	94.0	867.0	9089.0	206.0	8883.0
87364.0	75365.0	4578.0	673.0	1141.0	1462.0	810.0	3335.0	756.0	2579.0
78871.0	68942.0	6205.0	0.0	1286.0	71.0	530.0	1837.0	0.0	1837.0
249948.0	208292.0	14676.0	927.0	5037.0	814.0	6846.0	13356.0	643.0	12713.0
76745.0	63884.0	9562.0	129.0	1218.0	0.0	318.0	1634.0	220.0	1414.0
103967.0	99703.0	1035.0	304.0	73.0	0.0	660.0	2192.0	58.0	2134.0
293086.0	261617.0	10275.0	1308.0	6657.0	348.0	3078.0	9803.0	490.0	9313.0
703011.0	472083.0	161954.0	2283.0	13066.0	2485.0	28513.0	22627.0	1669.0	20958.0
121328.0	110265.0	1887.0	1262.0	1743.0	58.0	997.0	5116.0	148.0	4968.0
225081.0	216303.0	3276.0	506.0	2524.0	74.0	119.0	2279.0	118.0	2161.0
104418.0	88482.0	8266.0	141.0	2381.0	548.0	297.0	4303.0	641.0	3662.0
402022.0	357573.0	19836.0	904.0	10968.0	137.0	2940.0	9664.0	548.0	9116.0
994205.0	665587.0	242125.0	1790.0	45301.0	1640.0	12581.0	25181.0	1429.0	23752.0
300576.0	140701.0	135967.0	1123.0	10331.0	0.0	3785.0	8669.0	939.0	7730.0
81366.0	71320.0	776.0	4149.0	295.0	9.0	942.0	3875.0	92.0	3783.0
103806.0	96995.0	551.0	1899.0	910.0	0.0	400.0	3051.0	0.0	3051.0
114434.0	106524.0	1027.0	1268.0	1179.0	0.0	1991.0	2445.0	69.0	2376.0
69432.0	64322.0	617.0	461.0	598.0	0.0	131.0	3303.0	0.0	3303.0
119600.0	109724.0	968.0	1890.0	2390.0	0.0	355.0	4273.0	54.0	4219.0
161300.0	144096.0	1586.0	7623.0	1123.0	0.0	1328.0	5544.0	1561.0	3983.0
571327.0	451724.0	64027.0	4202.0	22779.0	108.0	9279.0	19208.0	1841.0	17367.0
319090.0	272554.0	12759.0	3192.0	14580.0	580.0	4640.0	10785.0	1050.0	9735.0
187196.0	162930.0	7322.0	1655.0	4544.0	711.0	3583.0	6451.0	639.0	5812.0
2266715.0	1345727.0	279196.0	23279.0	226665.0	18472.0	257441.0	115935.0	19023.0	96912.0
471519.0	353042.0	11513.0	7777.0	26966.0	3151.0	50497.0	18573.0	2431.0	16142.0
89886.0	82425.0	1545.0	128.0	2970.0	172.0	358.0	2288.0	132.0	2156.0
417025.0	371752.0	11178.0	852.0	16275.0	94.0	6088.0	10786.0	601.0	10185.0
151391.0	141054.0	3220.0	434.0	3108.0	0.0	596.0	2979.0	214.0	2765.0
309769.0	292557.0	3266.0	0.0	7057.0	226.0	2157.0	4506.0	146.0	4360.0
130633.0	120891.0	1418.0	118.0	4127.0	0.0	461.0	3618.0	0.0	3618.0
263670.0	168846.0	37184.0	795.0	20610.0	618.0	25667.0	9950.0	1972.0	7978.0
932202.0	667991.0	52489.0	1467.0	154409.0	481.0	25827.0	29538.0	5509.0	24029.0
445349.0	318226.0	76401.0	1128.0	23075.0	0.0	9326.0	17193.0	1731.0	15462.0
506471.0	320002.0	98594.0	586.0	28838.0	150.0	43588.0	14713.0	1613.0	13100.0
92039.0	83801.0	4126.0	0.0	448.0	0.0	1396.0	2268.0	21.0	2247.0
149527.0	98730.0	30121.0	1322.0	1937.0	36.0	10506.0	6875.0	1754.0	5121.0
798975.0	352316.0	318621.0	1897.0	44008.0	120.0	57536.0	24477.0	4167.0	20310.0
291636.0	235630.0	31882.0	352.0	9151.0	0.0	6297.0	8324.0	1836.0	6488.0
672391.0	379783.0	84657.0	4495.0	104983.0	0.0	68762.0	29711.0	8633.0	21078.0
124371.0	111742.0	3075.0	251.0	5314.0	0.0	1803.0	2186.0	758.0	1428.0
367430.0	219260.0	75137.0	914.0	43674.0	269.0	19759.0	8417.0	2051.0	6366.0
825062.0	453929.0	83965.0	1596.0	201501.0	608.0	53876.0	29587.0	8569.0	21018.0
618795.0	511376.0	45968.0	263.0	32678.0	108.0	15451.0	12951.0	2084.0	10867.0
491845.0	399916.0	18588.0	648.0	53203.0	163.0	8715.0	10612.0	1411.0	9201.0
607186.0	555478.0	19317.0	418.0	9648.0	97.0	9604.0	12624.0	3219.0	9405.0
501826.0	334477.0	57221.0	710.0	26257.0	309.0	71747.0	11105.0	3316.0	7789.0
62385.0	49285.0	8155.0	214.0	676.0	276.0	1491.0	2288.0	99.0	2189.0
328934.0	200713.0	32756.0	539.0	60895.0	19.0	26839.0	7173.0	1098.0	6075.0
140488.0	130668.0	3431.0	0.0	2474.0	0.0	869.0	3046.0	379.0	2667.0
556341.0	279505.0	117093.0	793.0	30348.0	0.0	110679.0	17923.0	5481.0	12442.0
105267.0	92621.0	5062.0	52.0	2434.0	0.0	1630.0	3468.0	1536.0	1932.0
679121.0	503932.0	19726.0	35029.0	18355.0	499.0	70441.0	31139.0	7102.0	24037.0
64615.0	56610.0	1464.0	350.0	928.0	0.0	4210.0	1053.0	561.0	492.0
218195.0	174131.0	3881.0	2930.0	3135.0	229.0	29566.0	4323.0	813.0	3510.0
71070.0	62706.0	3154.0	678.0	1191.0	0.0	3030.0	311.0	84.0	227.0
71367.0	8354.0	279.0	53214.0	539.0	34.0	5216.0	3731.0	1141.0	2590.0
67490.0	52701.0	2738.0	5387.0	450.0	0.0	3714.0	2500.0	407.0	2093.0
146748.0	106514.0	4104.0	18981.0	3143.0	0.0	8348.0	5658.0	2191.0	3467.0
123958.0	64549.0	1348.0	49843.0	681.0	0.0	2746.0	4791.0	1430.0	3361.0
150358.0	124279.0	1607.0	5957.0	2406.0	0.0	12129.0	3980.0	1306.0	2674.0
76688.0	65270.0	3165.0	1967.0	630.0	0.0	2358.0	3298.0	1351.0	1947.0
305506.0	228731.0	34706.0	352.0	19351.0	241.0	3849.0	18276.0	1166.0	17110.0
1418207.0	321736.0	542543.0	7621.0	53314.0	1449.0	429572.0	61972.0	25894.0	36078.0
190488.0	161716.0	9147.0	294.0	8873.0	0.0	2308.0	8150.0	320.0	7830.0
76117.0	69772.0	1159.0	2652.0	656.0	0.0	547.0	1331.0	48.0	1283.0
76576.0	69910.0	2757.0	66.0	642.0	35.0	839.0	2327.0	230.0	2097.0
126903.0	116198.0	2959.0	713.0	838.0	91.0	3302.0	2802.0	216.0	2586.0
83456.0	73854.0	4716.0	141.0	1294.0	0.0	320.0	3131.0	152.0	2979.0
80485.0	73558.0	3007.0	386.0	1261.0	0.0	965.0	1308.0	79.0	1229.0
294218.0	226823.0	33517.0	642.0	9524.0	185.0	12239.0	11288.0	1851.0	9437.0
918702.0	709543.0	125408.0	5451.0	35121.0	287.0	21974.0	20918.0	2043.0	18875.0
109834.0	95631.0	6380.0	682.0	2372.0	285.0	676.0	3808.0	870.0	2938.0
2559903.0	1115915.0	820016.0	7083.0	306350.0	859.0	222349.0	87331.0	17808.0	69523.0
62914.0	57695.0	1405.0	315.0	523.0	0.0	1202.0	1774.0	295.0	1479.0
70941.0	66809.0	1482.0	271.0	774.0	0.0	312.0	1293.0	0.0	1293.0
741770.0	560867.0	114292.0	1744.0	26360.0	1150.0	14730.0	22627.0	4670.0	17957.0
1356924.0	913426.0	159981.0	4833.0	140604.0	78.0	92513.0	45489.0	13535.0	31954.0
1628706.0	922746.0	233945.0	6440.0	202025.0	345.0	194114.0	69091.0	11550.0	57541.0
209281.0	180375.0	13563.0	2123.0	2126.0	315.0	3530.0	7249.0	836.0	6413.0
228671.0	192723.0	13605.0	450.0	9279.0	0.0	2793.0	9821.0	2143.0	7678.0
460528.0	361908.0	53491.0	3274.0	17372.0	178.0	5379.0	18926.0	2995.0	15931.0
109777.0	101621.0	3271.0	159.0	1319.0	0.0	1282.0	2125.0	220.0	1905.0
384940.0	289443.0	44427.0	1295.0	11472.0	464.0	23877.0	13962.0	4833.0	9129.0
117124.0	111452.0	1145.0	51.0	816.0	74.0	1020.0	2566.0	80.0	2486.0
98320.0	84960.0	3352.0	0.0	2293.0	0.0	5907.0	1808.0	446.0	1362.0
2253858.0	821416.0	415664.0	11642.0	588964.0	1030.0	328194.0	86948.0	27567.0	59381.0
158714.0	135363.0	11430.0	0.0	4485.0	16.0	2265.0	5155.0	575.0	4580.0
476143.0	349964.0	47951.0	1001.0	51270.0	177.0	16010.0	9770.0	1657.0	8113.0
325789.0	225965.0	39418.0	344.0	19281.0	0.0	31721.0	9060.0	2188.0	6872.0
107740.0	99891.0	2443.0	875.0	1169.0	0.0	866.0	2496.0	284.0	2212.0
229863.0	213426.0	3698.0	61.0	7710.0	0.0	587.0	4381.0	566.0	3815.0
155299.0	115066.0	17187.0	116.0	7885.0	233.0	6540.0	8272.0	1884.0	6388.0
95379.0	89739.0	2274.0	186.0	1650.0	0.0	518.0	1012.0	126.0	886.0
1476601.0	1177731.0	112956.0	5145.0	59658.0	384.0	87282.0	33445.0	9531.0	23914.0
75432.0	57574.0	4904.0	542.0	1204.0	0.0	6993.0	4215.0	272.0	3943.0
102180.0	80958.0	3425.0	103.0	10022.0	87.0	2392.0	5193.0	755.0	4438.0
177573.0	150453.0	11119.0	499.0	2922.0	0.0	5101.0	7479.0	1556.0	5923.0
63944.0	60642.0	1025.0	0.0	401.0	0.0	189.0	1687.0	445.0	1242.0
89918.0	82992.0	1950.0	109.0	932.0	26.0	963.0	2946.0	124.0	2822.0
967506.0	610441.0	150193.0	3015.0	59202.0	106.0	115542.0	29007.0	7568.0	21439.0
169509.0	117967.0	34307.0	1471.0	3008.0	72.0	8432.0	4252.0	186.0	4066.0
142820.0	122295.0	10666.0	835.0	940.0	15.0	1977.0	6092.0	332.0	5760.0
261191.0	230830.0	16828.0	1170.0	3404.0	56.0	3976.0	4927.0	605.0	4322.0
90485.0	74458.0	3619.0	1240.0	3192.0	314.0	5770.0	1892.0	286.0	1606.0
216453.0	148373.0	40511.0	162.0	9020.0	0.0	10784.0	7603.0	634.0	6969.0
82178.0	72726.0	4603.0	0.0	99.0	0.0	2830.0	1920.0	243.0	1677.0
69473.0	62595.0	3431.0	301.0	593.0	0.0	533.0	2020.0	232.0	1788.0
159551.0	126059.0	14154.0	716.0	7190.0	0.0	7927.0	3505.0	1214.0	2291.0
74470.0	57614.0	7830.0	39.0	1205.0	0.0	5059.0	2723.0	84.0	2639.0
97947.0	73238.0	20406.0	601.0	1041.0	0.0	1720.0	941.0	0.0	941.0
102139.0	73100.0	22314.0	704.0	2310.0	46.0	994.0	2671.0	262.0	2409.0
335509.0	164571.0	123893.0	5130.0	9338.0	1310.0	10824.0	20443.0	1817.0	18626.0
167609.0	144346.0	17508.0	490.0	2643.0	127.0	638.0	1857.0	135.0	1722.0
321488.0	171593.0	114381.0	375.0	14204.0	197.0	10035.0	10703.0	853.0	9850.0
382295.0	252469.0	100923.0	1953.0	8884.0	116.0	8682.0	9268.0	2032.0	7236.0
69685.0	47610.0	16363.0	230.0	204.0	0.0	2234.0	3044.0	372.0	2672.0
224529.0	171404.0	38825.0	1008.0	3455.0	452.0	4361.0	5024.0	652.0	4372.0
537174.0	288313.0	184002.0	3141.0	27018.0	173.0	15955.0	18572.0	1978.0	16594.0
135976.0	90982.0	30201.0	788.0	2460.0	1039.0	5809.0	4697.0	445.0	4252.0
117417.0	107103.0	4223.0	253.0	1098.0	0.0	2622.0	2118.0	0.0	2118.0
181806.0	143949.0	20825.0	317.0	5102.0	0.0	4938.0	6675.0	458.0	6217.0
209339.0	158143.0	34923.0	766.0	2028.0	0.0	9769.0	3710.0	882.0	2828.0
86111.0	78483.0	5379.0	353.0	753.0	60.0	423.0	660.0	0.0	660.0
1110356.0	579664.0	352014.0	3809.0	63628.0	379.0	75332.0	35530.0	2676.0	32854.0
100880.0	81646.0	12124.0	731.0	1454.0	175.0	3150.0	1600.0	89.0	1511.0
94298.0	46857.0	38764.0	301.0	170.0	0.0	5506.0	2700.0	480.0	2220.0
234473.0	189556.0	29299.0	805.0	2674.0	161.0	4722.0	7256.0	566.0	6690.0
197938.0	149113.0	28855.0	1153.0	4111.0	22.0	1670.0	13014.0	1495.0	11519.0
148476.0	114580.0	16943.0	398.0	12048.0	9.0	1600.0	2898.0	215.0	2683.0
180742.0	100199.0	61537.0	366.0	2936.0	217.0	8754.0	6733.0	654.0	6079.0
143667.0	122978.0	8140.0	570.0	1477.0	0.0	6484.0	4018.0	72.0	3946.0
130625.0	35102.0	30428.0	52786.0	628.0	59.0	9448.0	2174.0	41.0	2133.0
142088.0	108730.0	23034.0	429.0	1196.0	0.0	3714.0	4985.0	832.0	4153.0
67029.0	58284.0	6660.0	54.0	383.0	0.0	301.0	1347.0	261.0	1086.0
71783.0	65624.0	1731.0	859.0	428.0	0.0	1481.0	1660.0	225.0	1435.0
239859.0	190315.0	28137.0	934.0	8031.0	208.0	6391.0	5843.0	742.0	5101.0
1111761.0	718463.0	230927.0	5266.0	83883.0	262.0	45166.0	27794.0	3838.0	23956.0
123131.0	78388.0	38998.0	480.0	1342.0	6.0	1177.0	2740.0	258.0	2482.0
81801.0	40482.0	32970.0	133.0	636.0	0.0	5941.0	1639.0	355.0	1284.0
95626.0	85293.0	1789.0	4624.0	910.0	135.0	230.0	2645.0	74.0	2571.0
181923.0	157035.0	11269.0	1790.0	4190.0	0.0	905.0	6734.0	225.0	6509.0
69451.0	59697.0	1695.0	2067.0	2175.0	1626.0	363.0	1828.0	0.0	1828.0
67641.0	57964.0	2381.0	647.0	1180.0	198.0	662.0	4609.0	540.0	4069.0
102351.0	84244.0	11407.0	349.0	953.0	0.0	741.0	4657.0	303.0	4354.0
65327.0	59787.0	1879.0	582.0	1732.0	0.0	36.0	1311.0	0.0	1311.0
67006.0	62343.0	2958.0	16.0	299.0	75.0	198.0	1117.0	7.0	1110.0
383134.0	320086.0	34039.0	651.0	14887.0	0.0	4359.0	9112.0	474.0	8638.0
134083.0	116299.0	12025.0	147.0	876.0	0.0	819.0	3917.0	52.0	3865.0
206428.0	196209.0	1967.0	56.0	2318.0	0.0	245.0	5633.0	142.0	5491.0
1235072.0	766146.0	366313.0	3975.0	40838.0	964.0	20009.0	36827.0	3928.0	32899.0
209177.0	178784.0	7420.0	317.0	15355.0	69.0	1806.0	5426.0	155.0	5271.0
74266.0	63795.0	6974.0	181.0	305.0	0.0	874.0	2137.0	170.0	1967.0
157574.0	135028.0	13159.0	85.0	2985.0	0.0	1615.0	4702.0	743.0	3959.0
1316756.0	858933.0	304051.0	3103.0	71200.0	463.0	29721.0	49285.0	1908.0	47377.0
168937.0	144690.0	10956.0	479.0	4356.0	627.0	1084.0	6745.0	145.0	6600.0
817473.0	550516.0	209849.0	868.0	21332.0	547.0	5760.0	28601.0	912.0	27689.0
75783.0	69846.0	1228.0	232.0	1422.0	0.0	1403.0	1652.0	152.0	1500.0
65325.0	59374.0	3564.0	0.0	364.0	0.0	222.0	1801.0	309.0	1492.0
230149.0	209083.0	10865.0	113.0	2979.0	228.0	1988.0	4893.0	315.0	4578.0
176862.0	160352.0	7418.0	49.0	2821.0	0.0	384.0	5838.0	272.0	5566.0
309833.0	264445.0	23270.0	1473.0	4382.0	67.0	3846.0	12350.0	1412.0	10938.0
428348.0	309082.0	81931.0	1270.0	7376.0	630.0	7692.0	20367.0	2083.0	18284.0
228683.0	182121.0	34322.0	127.0	2326.0	0.0	2352.0	7435.0	256.0	7179.0
65093.0	58096.0	2806.0	264.0	1128.0	59.0	260.0	2480.0	18.0	2462.0
179746.0	170806.0	3230.0	549.0	1856.0	0.0	870.0	2435.0	147.0	2288.0
106987.0	99953.0	3014.0	0.0	1465.0	36.0	214.0	2305.0	58.0	2247.0
531687.0	380692.0	104945.0	2593.0	10928.0	81.0	7636.0	24812.0	476.0	24336.0
162466.0	147235.0	7948.0	0.0	1673.0	77.0	216.0	5317.0	30.0	5287.0
121154.0	105042.0	10742.0	372.0	754.0	49.0	465.0	3730.0	0.0	3730.0
370606.0	323692.0	29231.0	294.0	3556.0	0.0	2091.0	11742.0	266.0	11476.0
541013.0	420358.0	80544.0	921.0	19770.0	104.0	3240.0	16076.0	873.0	15203.0
197974.0	175107.0	16456.0	70.0	1231.0	203.0	137.0	4770.0	132.0	4638.0
234602.0	202976.0	9985.0	50.0	15846.0	32.0	2152.0	3561.0	757.0	2804.0
115710.0	108729.0	1401.0	164.0	1194.0	0.0	1594.0	2628.0	152.0	2476.0
130817.0	120119.0	2770.0	215.0	2688.0	197.0	989.0	3839.0	501.0	3338.0
148306.0	121126.0	5662.0	6983.0	5008.0	0.0	1748.0	7779.0	589.0	7190.0
284014.0	221304.0	13726.0	12965.0	13298.0	118.0	4119.0	18484.0	826.0	17658.0
120749.0	75751.0	19184.0	5849.0	3172.0	214.0	2650.0	13929.0	940.0	12989.0
71522.0	56397.0	1572.0	9323.0	69.0	8.0	186.0	3967.0	348.0	3619.0
67997.0	39099.0	7180.0	11933.0	369.0	0.0	2093.0	7323.0	0.0	7323.0
797434.0	551112.0	119946.0	26274.0	28316.0	855.0	24384.0	46547.0	2416.0	44131.0
81784.0	64818.0	2970.0	3219.0	3661.0	15.0	1278.0	5823.0	112.0	5711.0
72592.0	55249.0	2526.0	10437.0	426.0	0.0	170.0	3784.0	27.0	3757.0
92459.0	68959.0	810.0	12100.0	1412.0	0.0	847.0	8331.0	253.0	8078.0
651552.0	457630.0	64765.0	35498.0	23436.0	842.0	17635.0	51746.0	2402.0	49344.0
81289.0	60363.0	2959.0	7753.0	1300.0	0.0	1770.0	7144.0	185.0	6959.0
93053.0	77333.0	1267.0	901.0	6042.0	360.0	3422.0	3728.0	282.0	3446.0
418187.0	361016.0	4870.0	2957.0	20086.0	213.0	12128.0	16917.0	2012.0	14905.0
197692.0	182152.0	1355.0	2791.0	2762.0	347.0	3161.0	5124.0	1599.0	3525.0
110980.0	102711.0	370.0	784.0	844.0	148.0	324.0	5799.0	158.0	5641.0
220944.0	201990.0	1934.0	2525.0	3196.0	618.0	2629.0	8052.0	290.0	7762.0
87487.0	81112.0	721.0	1300.0	410.0	0.0	545.0	3399.0	0.0	3399.0
68238.0	59088.0	365.0	4028.0	188.0	41.0	1843.0	2685.0	460.0	2225.0
382067.0	328130.0	4883.0	3392.0	10766.0	1009.0	14558.0	19329.0	1649.0	17680.0
129749.0	115156.0	749.0	1738.0	1214.0	198.0	3754.0	6940.0	675.0	6265.0
347818.0	278522.0	2320.0	4710.0	9472.0	1112.0	29133.0	22549.0	4245.0	18304.0
812855.0	628153.0	42675.0	6767.0	60848.0	5544.0	22038.0	46830.0	2890.0	43940.0
86085.0	74922.0	72.0	781.0	1719.0	109.0	3150.0	5332.0	0.0	5332.0
77950.0	65416.0	336.0	1947.0	991.0	391.0	4219.0	4650.0	596.0	4054.0
601592.0	449521.0	12143.0	3955.0	68789.0	2893.0	32709.0	31582.0	4995.0	26587.0
107100.0	92115.0	951.0	904.0	2143.0	231.0	6479.0	4277.0	965.0	3312.0
103009.0	95929.0	2044.0	161.0	995.0	0.0	2353.0	1527.0	101.0	1426.0
1216045.0	965716.0	157352.0	1443.0	46965.0	269.0	7953.0	36347.0	3314.0	33033.0
163929.0	147858.0	10081.0	90.0	1086.0	13.0	259.0	4542.0	63.0	4479.0
421164.0	338473.0	26533.0	961.0	6574.0	208.0	38929.0	9486.0	3337.0	6149.0
628270.0	544515.0	26526.0	436.0	32572.0	0.0	11220.0	13001.0	1370.0	11631.0
187853.0	180218.0	1863.0	19.0	2400.0	0.0	102.0	3251.0	121.0	3130.0
130192.0	121803.0	5575.0	0.0	514.0	0.0	258.0	2042.0	147.0	1895.0
64182.0	60043.0	1558.0	897.0	731.0	0.0	532.0	421.0	59.0	362.0
162385.0	142448.0	5975.0	76.0	9755.0	67.0	496.0	3568.0	352.0	3216.0
524989.0	431961.0	30393.0	761.0	30955.0	93.0	15596.0	15230.0	2022.0	13208.0
79255.0	74153.0	3057.0	26.0	471.0	0.0	312.0	1236.0	725.0	511.0
64964.0	61974.0	771.0	42.0	1473.0	0.0	300.0	404.0	9.0	395.0
84629.0	80721.0	1459.0	43.0	739.0	4.0	274.0	1389.0	185.0	1204.0
253370.0	220155.0	11378.0	399.0	10722.0	0.0	2403.0	8313.0	1383.0	6930.0
278299.0	192332.0	54302.0	677.0	14381.0	181.0	7753.0	8673.0	1553.0	7120.0
566747.0	383843.0	125741.0	1564.0	33158.0	443.0	7862.0	14136.0	1874.0	12262.0
269728.0	231216.0	18121.0	996.0	4570.0	98.0	3819.0	10908.0	543.0	10365.0
129274.0	118980.0	5222.0	43.0	590.0	53.0	1067.0	3319.0	135.0	3184.0
155027.0	140780.0	6252.0	1257.0	1498.0	65.0	2171.0	3004.0	267.0	2737.0
84073.0	79268.0	2480.0	36.0	512.0	0.0	206.0	1571.0	0.0	1571.0
209674.0	188220.0	7329.0	209.0	6703.0	169.0	3420.0	3624.0	398.0	3226.0
545724.0	475780.0	23358.0	325.0	12475.0	121.0	14631.0	19034.0	5420.0	13614.0
141793.0	121918.0	3037.0	570.0	1445.0	0.0	10344.0	4479.0	2422.0	2057.0
369318.0	298131.0	31897.0	556.0	12177.0	221.0	15524.0	10812.0	2741.0	8071.0
317417.0	266628.0	22899.0	700.0	3034.0	73.0	17029.0	7054.0	1522.0	5532.0
113299.0	104295.0	6032.0	523.0	807.0	0.0	41.0	1601.0	66.0	1535.0
109424.0	99721.0	6412.0	0.0	680.0	0.0	277.0	2334.0	0.0	2334.0
170271.0	132835.0	24687.0	1042.0	4151.0	0.0	2878.0	4678.0	778.0	3900.0
830915.0	654804.0	79874.0	982.0	63850.0	334.0	8887.0	22184.0	1513.0	20671.0
305285.0	254300.0	18289.0	604.0	8541.0	0.0	13264.0	10287.0	2755.0	7532.0
90843.0	86161.0	2759.0	174.0	494.0	65.0	104.0	1086.0	8.0	1078.0
1584064.0	617726.0	657343.0	7211.0	119641.0	897.0	128826.0	52420.0	6015.0	46405.0
141359.0	133171.0	4857.0	254.0	563.0	81.0	531.0	1902.0	155.0	1747.0
73447.0	69857.0	1568.0	245.0	323.0	0.0	116.0	1338.0	129.0	1209.0
206865.0	192989.0	6473.0	0.0	2254.0	193.0	178.0	4778.0	91.0	4687.0
348899.0	329199.0	7969.0	82.0	3258.0	0.0	1288.0	7103.0	316.0	6787.0
449058.0	391737.0	25356.0	1022.0	6511.0	99.0	8718.0	15615.0	2017.0	13598.0
164292.0	146603.0	4038.0	702.0	5246.0	0.0	4373.0	3330.0	109.0	3221.0
82082.0	73665.0	2415.0	415.0	1180.0	0.0	1388.0	3019.0	96.0	2923.0
638931.0	451856.0	70002.0	2138.0	26326.0	222.0	55311.0	33076.0	8890.0	24186.0
125577.0	116554.0	1377.0	74.0	3434.0	28.0	482.0	3628.0	749.0	2879.0
170872.0	120057.0	45514.0	102.0	1445.0	0.0	8.0	3746.0	324.0	3422.0
202558.0	160961.0	29851.0	395.0	2396.0	0.0	3269.0	5686.0	118.0	5568.0
192122.0	140697.0	32583.0	358.0	2524.0	0.0	10127.0	5833.0	932.0	4901.0
227907.0	147216.0	54804.0	1890.0	5306.0	48.0	9771.0	8872.0	170.0	8702.0
411406.0	276787.0	102968.0	223.0	7354.0	1607.0	12228.0	10239.0	480.0	9759.0
162809.0	109288.0	38509.0	653.0	3077.0	2973.0	3601.0	4708.0	127.0	4581.0
138293.0	73122.0	60727.0	247.0	1900.0	0.0	1454.0	843.0	0.0	843.0
523542.0	379349.0	89741.0	2381.0	13347.0	1637.0	21470.0	15617.0	3651.0	11966.0
354081.0	288077.0	44829.0	765.0	5426.0	0.0	7122.0	7862.0	826.0	7036.0
67493.0	46670.0	14814.0	69.0	338.0	0.0	2409.0	3193.0	175.0	3018.0
298750.0	234519.0	44299.0	1515.0	6184.0	368.0	4775.0	7090.0	577.0	6513.0
79546.0	69379.0	5323.0	156.0	729.0	0.0	1515.0	2444.0	610.0	1834.0
126884.0	110768.0	9462.0	290.0	2518.0	0.0	2286.0	1560.0	43.0	1517.0
415759.0	182477.0	199181.0	1018.0	12764.0	163.0	9016.0	11140.0	798.0	10342.0
319785.0	233071.0	65752.0	724.0	8364.0	48.0	5103.0	6723.0	1237.0	5486.0
106721.0	49388.0	49975.0	140.0	1605.0	35.0	1475.0	4103.0	1090.0	3013.0
280979.0	207964.0	53790.0	2530.0	7068.0	0.0	4016.0	5611.0	801.0	4810.0
193134.0	166942.0	12057.0	2822.0	3658.0	83.0	1116.0	6456.0	0.0	6456.0
113775.0	95247.0	2071.0	10132.0	1270.0	62.0	233.0	4760.0	165.0	4595.0
76978.0	69711.0	3315.0	440.0	1245.0	329.0	529.0	1409.0	430.0	979.0
133088.0	124866.0	3879.0	135.0	1114.0	0.0	946.0	2148.0	43.0	2105.0
108110.0	94926.0	6983.0	178.0	870.0	0.0	3219.0	1934.0	216.0	1718.0
694144.0	439010.0	185846.0	2053.0	26193.0	787.0	23724.0	16531.0	1487.0	15044.0
367804.0	274851.0	67998.0	771.0	7453.0	338.0	7240.0	9153.0	526.0	8627.0
470313.0	402137.0	38615.0	2471.0	10101.0	114.0	3628.0	13247.0	877.0	12370.0
97984.0	54678.0	36415.0	446.0	1124.0	0.0	3298.0	2023.0	175.0	1848.0
208993.0	143019.0	42405.0	1038.0	4234.0	683.0	4331.0	13283.0	740.0	12543.0
80245.0	74631.0	2007.0	0.0	1022.0	0.0	375.0	2210.0	0.0	2210.0
71813.0	61655.0	5412.0	239.0	384.0	14.0	2788.0	1321.0	62.0	1259.0
332285.0	250555.0	50241.0	306.0	13065.0	262.0	5412.0	12444.0	1103.0	11341.0
98250.0	92589.0	1884.0	262.0	484.0	0.0	813.0	2218.0	201.0	2017.0
937166.0	365798.0	504715.0	1129.0	26200.0	140.0	23656.0	15528.0	977.0	14551.0
158348.0	149208.0	3241.0	326.0	1167.0	0.0	992.0	3414.0	134.0	3280.0
191283.0	163488.0	15485.0	431.0	3487.0	172.0	5258.0	2962.0	86.0	2876.0
129375.0	118437.0	5193.0	1656.0	2198.0	0.0	63.0	1828.0	64.0	1764.0
238412.0	210037.0	8940.0	255.0	10989.0	0.0	1171.0	7020.0	69.0	6951.0
144657.0	124756.0	9670.0	891.0	2692.0	0.0	2997.0	3651.0	620.0	3031.0
88723.0	57372.0	5334.0	857.0	219.0	0.0	21487.0	3454.0	303.0	3151.0
362924.0	225437.0	91889.0	1995.0	10661.0	2667.0	10719.0	19556.0	1565.0	17991.0
2003554.0	1552899.0	155244.0	17785.0	59703.0	4298.0	136246.0	77379.0	17100.0	60279.0
93245.0	64552.0	22743.0	922.0	742.0	31.0	1259.0	2996.0	278.0	2718.0
374264.0	272750.0	55573.0	1864.0	26790.0	0.0	10410.0	6877.0	2119.0	4758.0
229211.0	180721.0	25253.0	118.0	13165.0	373.0	3037.0	6544.0	1255.0	5289.0
423163.0	396658.0	3910.0	902.0	2927.0	63.0	14677.0	4026.0	2472.0	1554.0
1034730.0	701667.0	106861.0	3469.0	168405.0	1290.0	21020.0	32018.0	3633.0	28385.0
156209.0	143192.0	4951.0	354.0	2416.0	109.0	3006.0	2181.0	741.0	1440.0
75951.0	56184.0	9863.0	205.0	1571.0	561.0	89.0	7478.0	84.0	7394.0
2635516.0	1580364.0	596492.0	12686.0	172315.0	1581.0	203034.0	69044.0	11985.0	57059.0
887207.0	656088.0	89107.0	4054.0	84816.0	775.0	17831.0	34536.0	6709.0	27827.0
166223.0	130632.0	10143.0	1671.0	1990.0	23.0	17654.0	4110.0	1816.0	2294.0
184826.0	149989.0	20038.0	1372.0	844.0	51.0	7497.0	5035.0	1128.0	3907.0
839238.0	674496.0	29118.0	5234.0	9965.0	174.0	97775.0	22476.0	8761.0	13715.0
811688.0	412802.0	164866.0	3432.0	164074.0	986.0	32718.0	32810.0	4224.0	28586.0
342139.0	271933.0	42827.0	740.0	11653.0	101.0	5419.0	9466.0	1528.0	7938.0
136212.0	118372.0	8407.0	747.0	2341.0	0.0	2041.0	4304.0	263.0	4041.0
123945.0	91844.0	22820.0	86.0	1625.0	0.0	1950.0	5620.0	159.0	5461.0
166847.0	137989.0	14668.0	552.0	2211.0	0.0	4803.0	6624.0	1267.0	5357.0
4713325.0	2895713.0	901998.0	20316.0	331518.0	2396.0	436847.0	124537.0	24690.0	99847.0
66553.0	49759.0	11930.0	739.0	810.0	0.0	687.0	2628.0	98.0	2530.0
230191.0	204010.0	9776.0	1422.0	3279.0	106.0	6320.0	5278.0	511.0	4767.0
82737.0	74570.0	3910.0	959.0	1748.0	0.0	327.0	1223.0	181.0	1042.0
868707.0	737925.0	5029.0	971.0	8592.0	0.0	98514.0	17676.0	13121.0	4555.0
98594.0	80915.0	7805.0	987.0	1082.0	0.0	5108.0	2697.0	395.0	2302.0
251565.0	147563.0	84307.0	1063.0	9984.0	853.0	4596.0	3199.0	268.0	2931.0
175817.0	157804.0	8127.0	1243.0	1893.0	48.0	3297.0	3405.0	692.0	2713.0
136154.0	107948.0	19213.0	336.0	871.0	0.0	3513.0	4273.0	949.0	3324.0
310569.0	251138.0	21485.0	1855.0	6830.0	760.0	18773.0	9728.0	1740.0	7988.0
256623.0	204884.0	35197.0	2052.0	3471.0	97.0	3430.0	7492.0	1217.0	6275.0
176832.0	125450.0	11443.0	1378.0	2881.0	95.0	28953.0	6632.0	1694.0	4938.0
607391.0	525854.0	31579.0	1790.0	18788.0	22.0	11927.0	17431.0	3134.0	14297.0
65204.0	50606.0	12592.0	860.0	736.0	0.0	195.0	215.0	0.0	215.0
362294.0	325539.0	14365.0	892.0	7663.0	0.0	7911.0	5924.0	1177.0	4747.0
142878.0	133000.0	1587.0	984.0	1020.0	101.0	2702.0	3484.0	160.0	3324.0
117415.0	91183.0	12496.0	897.0	6737.0	29.0	3578.0	2495.0	535.0	1960.0
137713.0	121664.0	4259.0	723.0	3991.0	481.0	2399.0	4196.0	1080.0	3116.0
104915.0	87030.0	7616.0	444.0	3745.0	171.0	2586.0	3323.0	1940.0	1383.0
66730.0	60698.0	1728.0	92.0	671.0	0.0	1887.0	1654.0	458.0	1196.0
232751.0	178470.0	41309.0	845.0	4298.0	336.0	4398.0	3095.0	512.0	2583.0
2102515.0	1378142.0	359898.0	10257.0	118494.0	5003.0	165948.0	64773.0	13219.0	51554.0
138034.0	112157.0	12413.0	127.0	2955.0	0.0	8287.0	2095.0	72.0	2023.0
119200.0	105763.0	4847.0	568.0	1461.0	145.0	4227.0	2189.0	234.0	1955.0
1273954.0	920247.0	104062.0	9660.0	87316.0	504.0	100839.0	51326.0	7713.0	43613.0
92084.0	81305.0	6006.0	0.0	890.0	61.0	1787.0	2035.0	1116.0	919.0
276652.0	266003.0	1327.0	1607.0	1298.0	0.0	5302.0	1115.0	980.0	135.0
132230.0	107513.0	12728.0	923.0	2990.0	201.0	2928.0	4947.0	375.0	4572.0
590551.0	469151.0	40399.0	2577.0	44897.0	319.0	8886.0	24322.0	3787.0	20535.0
128289.0	118029.0	857.0	658.0	3357.0	12.0	1866.0	3510.0	304.0	3206.0
355481.0	323178.0	4376.0	1592.0	6853.0	3062.0	5644.0	10776.0	1589.0	9187.0
1160437.0	929287.0	23313.0	10033.0	48472.0	18390.0	88099.0	42843.0	7370.0	35473.0
636235.0	581543.0	3029.0	3045.0	8780.0	6171.0	9016.0	24651.0	3034.0	21617.0
177556.0	163341.0	1498.0	1706.0	1186.0	389.0	5082.0	4354.0	0.0	4354.0
260213.0	236957.0	3155.0	2350.0	3790.0	671.0	4996.0	8294.0	1675.0	6619.0
163774.0	147125.0	5183.0	446.0	4458.0	239.0	587.0	5736.0	0.0	5736.0
109330.0	89592.0	9954.0	266.0	5462.0	115.0	519.0	3422.0	616.0	2806.0
236842.0	170938.0	22564.0	708.0	24317.0	0.0	9135.0	9180.0	631.0	8549.0
352802.0	225745.0	82677.0	1151.0	13197.0	254.0	20766.0	9012.0	460.0	8552.0
1147532.0	685971.0	116562.0	3664.0	228195.0	794.0	64314.0	48032.0	4816.0	43216.0
71222.0	61685.0	5547.0	65.0	1295.0	0.0	412.0	2218.0	620.0	1598.0
89313.0	80873.0	4268.0	184.0	1357.0	19.0	526.0	2086.0	238.0	1848.0
107766.0	91174.0	10749.0	0.0	1419.0	0.0	1631.0	2793.0	0.0	2793.0
330818.0	180176.0	102393.0	622.0	28217.0	41.0	6494.0	12875.0	1104.0	11771.0
76523.0	61632.0	10242.0	37.0	2123.0	0.0	341.0	2148.0	260.0	1888.0
413538.0	260807.0	33157.0	1622.0	81355.0	471.0	14481.0	21645.0	4055.0	17590.0
98535.0	84480.0	4667.0	825.0	5995.0	70.0	910.0	1588.0	160.0	1428.0
470335.0	269954.0	98650.0	2547.0	42182.0	529.0	30983.0	25490.0	2075.0	23415.0
94186.0	82723.0	5983.0	372.0	3629.0	0.0	224.0	1255.0	31.0	1224.0
81948.0	75964.0	3611.0	204.0	215.0	113.0	553.0	1288.0	278.0	1010.0
136215.0	94853.0	22802.0	598.0	3430.0	136.0	7544.0	6852.0	1067.0	5785.0
152882.0	99699.0	29199.0	216.0	5421.0	0.0	11344.0	7003.0	451.0	6552.0
68280.0	49544.0	10282.0	0.0	4004.0	57.0	1938.0	2455.0	500.0	1955.0
159428.0	101087.0	33266.0	105.0	9227.0	36.0	7259.0	8448.0	859.0	7589.0
244835.0	147098.0	73569.0	454.0	8655.0	0.0	5643.0	9416.0	461.0	8955.0
134510.0	53875.0	67315.0	29.0	3459.0	312.0	3443.0	6077.0	1209.0	4868.0
82168.0	52367.0	23704.0	211.0	1499.0	0.0	1698.0	2689.0	290.0	2399.0
179225.0	86265.0	74156.0	549.0	5643.0	427.0	3084.0	9101.0	972.0	8129.0
242742.0	114295.0	100025.0	816.0	8913.0	45.0	7491.0	11157.0	933.0	10224.0
94398.0	37612.0	50972.0	39.0	1195.0	187.0	1101.0	3292.0	104.0	3188.0
230436.0	102870.0	104272.0	390.0	4673.0	0.0	10344.0	7887.0	288.0	7599.0
99143.0	60753.0	30538.0	0.0	2625.0	0.0	747.0	4480.0	64.0	4416.0
92108.0	46453.0	38737.0	0.0	1705.0	0.0	883.0	4330.0	838.0	3492.0
449974.0	295353.0	85176.0	1392.0	32452.0	406.0	8682.0	26513.0	1760.0	24753.0
204390.0	167823.0	4709.0	1658.0	4496.0	114.0	18240.0	7350.0	467.0	6883.0
77200.0	56989.0	1313.0	569.0	414.0	18.0	15944.0	1953.0	516.0	1437.0
77331.0	67038.0	214.0	4794.0	1243.0	0.0	1214.0	2828.0	210.0	2618.0
488241.0	410386.0	10764.0	2727.0	22008.0	4374.0	11597.0	26385.0	3440.0	22945.0
110593.0	98387.0	660.0	689.0	1505.0	272.0	1139.0	7941.0	2444.0	5497.0
95222.0	67975.0	1710.0	1587.0	1255.0	141.0	18024.0	4530.0	173.0	4357.0
97733.0	67429.0	180.0	1729.0	743.0	0.0	24115.0	3537.0	1132.0	2405.0
75061.0	65316.0	1890.0	2657.0	961.0	74.0	907.0	3256.0	5.0	3251.0
85141.0	71109.0	3134.0	1173.0	3662.0	1129.0	860.0	4074.0	622.0	3452.0
2252782.0	1398899.0	151745.0	15174.0	425891.0	15988.0	102437.0	142648.0	13209.0	129439.0
271473.0	218361.0	8171.0	3200.0	13800.0	2637.0	5983.0	19321.0	1474.0	17847.0
80707.0	71368.0	406.0	232.0	144.0	99.0	1631.0	6827.0	1193.0	5634.0
66768.0	56698.0	206.0	1977.0	577.0	56.0	2427.0	4827.0	431.0	4396.0
904980.0	649316.0	61029.0	11187.0	57593.0	12472.0	32553.0	80830.0	5102.0	75728.0
129205.0	106748.0	1297.0	3989.0	2589.0	93.0	9867.0	4622.0	504.0	4118.0
822083.0	604756.0	27797.0	10920.0	98832.0	3445.0	27017.0	49316.0	4954.0	44362.0
522798.0	459016.0	10859.0	7266.0	12000.0	3443.0	5871.0	24343.0	1999.0	22344.0
290536.0	235404.0	11195.0	4635.0	16267.0	2567.0	3822.0	16646.0	1916.0	14730.0
229247.0	188188.0	1914.0	5208.0	8771.0	861.0	10631.0	13674.0	1648.0	12026.0
250873.0	189216.0	2899.0	10632.0	2839.0	1261.0	35459.0	8567.0	4139.0	4428.0
119171.0	103164.0	9191.0	87.0	1318.0	0.0	1153.0	4258.0	417.0	3841.0
91945.0	83678.0	4263.0	0.0	1335.0	0.0	62.0	2607.0	0.0	2607.0
67256.0	63406.0	567.0	0.0	536.0	226.0	831.0	1690.0	0.0	1690.0
178124.0	157599.0	12070.0	831.0	2248.0	0.0	537.0	4839.0	132.0	4707.0
105612.0	94709.0	4017.0	30.0	3502.0	0.0	864.0	2490.0	93.0	2397.0
83518.0	79670.0	994.0	1733.0	373.0	0.0	140.0	608.0	286.0	322.0
264542.0	222885.0	7196.0	6618.0	9369.0	21.0	9680.0	8773.0	669.0	8104.0
546695.0	460464.0	27819.0	1791.0	33065.0	472.0	6334.0	16750.0	1315.0	15435.0
87839.0	82571.0	2659.0	406.0	526.0	62.0	309.0	1306.0	0.0	1306.0
104646.0	96121.0	1936.0	393.0	4216.0	87.0	134.0	1759.0	61.0	1698.0
103403.0	95812.0	1618.0	263.0	1289.0	250.0	1419.0	2752.0	255.0	2497.0
84769.0	78950.0	778.0	385.0	530.0	0.0	2184.0	1942.0	177.0	1765.0
169561.0	146989.0	12730.0	747.0	2879.0	537.0	2484.0	3195.0	665.0	2530.0
118016.0	107160.0	1872.0	423.0	5433.0	89.0	812.0	2227.0	10.0	2217.0
78981.0	73622.0	1219.0	595.0	2538.0	0.0	344.0	663.0	40.0	623.0
135692.0	122654.0	423.0	388.0	7961.0	222.0	682.0	3362.0	14.0	3348.0
945726.0	556872.0	248624.0	5713.0	40166.0	318.0	57934.0	36099.0	6508.0	29591.0
187885.0	167807.0	2875.0	2829.0	6887.0	237.0	2650.0	4600.0	476.0	4124.0
89221.0	83241.0	519.0	105.0	1982.0	0.0	403.0	2971.0	101.0	2870.0
70772.0	65426.0	873.0	286.0	2394.0	0.0	1118.0	675.0	172.0	503.0
196311.0	157426.0	22830.0	1243.0	2726.0	0.0	5161.0	6925.0	2293.0	4632.0
163354.0	140116.0	7537.0	44.0	2023.0	61.0	8774.0	4799.0	397.0	4402.0
90687.0	87115.0	713.0	36.0	914.0	0.0	141.0	1768.0	0.0	1768.0
115340.0	100581.0	2336.0	582.0	6861.0	0.0	2159.0	2821.0	766.0	2055.0
103868.0	97838.0	1416.0	359.0	409.0	0.0	1948.0	1898.0	317.0	1581.0
136034.0	128012.0	2501.0	224.0	2643.0	57.0	1315.0	1282.0	395.0	887.0
404198.0	370945.0	6660.0	912.0	15415.0	257.0	3725.0	6284.0	696.0	5588.0
171907.0	155315.0	4049.0	1084.0	4560.0	986.0	3186.0	2727.0	51.0	2676.0
72999.0	69301.0	680.0	346.0	1479.0	0.0	138.0	1055.0	34.0	1021.0
99500.0	88060.0	1845.0	1872.0	1002.0	226.0	2545.0	3950.0	507.0	3443.0
79858.0	74769.0	1024.0	840.0	787.0	0.0	742.0	1696.0	273.0	1423.0
