218022.0	187759.0	20554.0	1276.0	2338.0	45.0	2586.0	3464.0	177.0	3287.0
114277.0	85046.0	24737.0	107.0	426.0	0.0	1182.0	2779.0	842.0	1937.0
83442.0	78643.0	906.0	301.0	166.0	0.0	1367.0	2059.0	335.0	1724.0
71385.0	60157.0	1335.0	868.0	173.0	0.0	7583.0	1269.0	0.0	1269.0
81887.0	60622.0	17113.0	345.0	522.0	0.0	1339.0	1946.0	56.0	1890.0
102501.0	81129.0	17474.0	209.0	862.0	0.0	1094.0	1733.0	249.0	1484.0
104722.0	72687.0	29214.0	66.0	700.0	0.0	113.0	1942.0	151.0	1791.0
659300.0	341227.0	282596.0	1786.0	9564.0	724.0	10729.0	12674.0	2167.0	10507.0
92387.0	80452.0	9614.0	89.0	667.0	133.0	283.0	1149.0	73.0	1076.0
163941.0	115009.0	38323.0	453.0	6950.0	0.0	582.0	2624.0	286.0	2338.0
96174.0	75365.0	13504.0	702.0	1377.0	0.0	3579.0	1647.0	108.0	1539.0
366519.0	245460.0	88541.0	1201.0	9303.0	27.0	7838.0	14149.0	1058.0	13091.0
96109.0	87628.0	3727.0	269.0	385.0	0.0	2360.0	1740.0	266.0	1474.0
413757.0	239651.0	150188.0	3056.0	8037.0	138.0	4990.0	7697.0	822.0	6875.0
225763.0	78367.0	132366.0	518.0	7122.0	0.0	4087.0	3303.0	521.0	2782.0
119089.0	91390.0	17107.0	327.0	613.0	0.0	8158.0	1494.0	42.0	1452.0
88690.0	76382.0	8976.0	155.0	715.0	0.0	1430.0	1032.0	331.0	701.0
215707.0	172086.0	27162.0	372.0	4767.0	27.0	7400.0	3893.0	146.0	3747.0
79828.0	50857.0	27226.0	433.0	110.0	0.0	82.0	1120.0	48.0	1072.0
208911.0	135323.0	67036.0	529.0	3471.0	0.0	330.0	2222.0	146.0	2076.0
63711.0	57117.0	3863.0	98.0	141.0	0.0	1020.0	1472.0	0.0	1472.0
291538.0	181491.0	16679.0	22022.0	28273.0	6105.0	5340.0	31628.0	2490.0	29138.0
98971.0	74307.0	4941.0	8025.0	2956.0	734.0	867.0	7141.0	66.0	7075.0
107610.0	88760.0	901.0	8317.0	1943.0	77.0	436.0	7176.0	631.0	6545.0
71818.0	16256.0	411.0	53873.0	416.0	59.0	576.0	227.0	30.0	197.0
126770.0	109392.0	4814.0	1738.0	2511.0	210.0	2780.0	5325.0	1270.0	4055.0
142854.0	90589.0	1882.0	38177.0	2687.0	0.0	5014.0	4505.0	132.0	4373.0
4410824.0	3466879.0	257889.0	91630.0	184809.0	10478.0	227969.0	171170.0	31107.0	140063.0
209550.0	191170.0	2409.0	4346.0	2518.0	1492.0	3283.0	4332.0	348.0	3984.0
110445.0	53702.0	892.0	49902.0	636.0	9.0	2787.0	2517.0	149.0	2368.0
1039073.0	771880.0	37940.0	45440.0	30481.0	1431.0	91913.0	59988.0	10712.0	49276.0
447138.0	359718.0	19947.0	22140.0	7233.0	1487.0	16060.0	20553.0	2888.0	17665.0
231993.0	209300.0	1876.0	2296.0	2581.0	367.0	7256.0	8317.0	1153.0	7164.0
212128.0	185580.0	5942.0	2428.0	3254.0	91.0	8750.0	6083.0	1952.0	4131.0
272608.0	238256.0	5133.0	3587.0	10627.0	1835.0	5157.0	8013.0	492.0	7521.0
108558.0	85821.0	17485.0	326.0	660.0	0.0	3163.0	1103.0	34.0	1069.0
124806.0	102041.0	13893.0	800.0	1626.0	0.0	2303.0	4143.0	150.0	3993.0
99154.0	85417.0	7374.0	1004.0	1048.0	0.0	778.0	3533.0	424.0	3109.0
68114.0	27109.0	39238.0	230.0	659.0	0.0	581.0	297.0	64.0	233.0
73657.0	65323.0	5335.0	178.0	618.0	21.0	1076.0	1106.0	127.0	979.0
392680.0	216820.0	145102.0	2096.0	9042.0	387.0	8638.0	10595.0	754.0	9841.0
121421.0	106756.0	9542.0	321.0	1495.0	481.0	676.0	2150.0	298.0	1852.0
127753.0	91102.0	8867.0	1289.0	6340.0	57.0	13542.0	6556.0	1098.0	5458.0
236961.0	181620.0	8323.0	3461.0	6287.0	5877.0	24341.0	7052.0	1336.0	5716.0
78727.0	71855.0	3569.0	513.0	749.0	0.0	230.0	1811.0	416.0	1395.0
1666753.0	643907.0	172152.0	10645.0	513491.0	14224.0	202397.0	109937.0	22863.0	87074.0
231256.0	186452.0	4019.0	2274.0	10017.0	360.0	12617.0	15517.0	1522.0	13995.0
1150215.0	622301.0	101253.0	7347.0	195848.0	5718.0	134475.0	83273.0	18780.0	64493.0
190678.0	169150.0	1221.0	924.0	8834.0	525.0	2255.0	7769.0	630.0	7139.0
994400.0	643787.0	45504.0	15894.0	103204.0	1252.0	139153.0	45606.0	9904.0	35702.0
136373.0	106163.0	1553.0	6438.0	4610.0	33.0	7462.0	10114.0	1002.0	9112.0
181827.0	117180.0	4201.0	1035.0	2801.0	204.0	47971.0	8435.0	4949.0	3486.0
896764.0	673595.0	50289.0	8106.0	44299.0	1656.0	84783.0	34036.0	9997.0	24039.0
151366.0	96634.0	10428.0	1502.0	6833.0	273.0	30198.0	5498.0	1357.0	4141.0
64382.0	47341.0	1546.0	3040.0	622.0	15.0	9643.0	2175.0	339.0	1836.0
10105518.0	5184112.0	811476.0	76089.0	1492554.0	28376.0	2076549.0	436362.0	135124.0	301238.0
157672.0	91440.0	5417.0	1510.0	3619.0	132.0	49419.0	6135.0	2589.0	3546.0
259666.0	206330.0	6312.0	275.0	16431.0	466.0	16866.0	12986.0	2098.0	10888.0
87606.0	73040.0	294.0	3434.0	2190.0	153.0	4829.0	3666.0	68.0	3598.0
274765.0	157100.0	9118.0	2300.0	20204.0	1094.0	74161.0	10788.0	4130.0	6658.0
435594.0	205303.0	11753.0	6540.0	25748.0	2232.0	167885.0	16133.0	2778.0	13355.0
139417.0	106436.0	2237.0	1011.0	12249.0	202.0	11435.0	5847.0	1148.0	4699.0
99696.0	91285.0	534.0	345.0	1249.0	158.0	2207.0	3918.0	134.0	3784.0
3185968.0	1922991.0	59872.0	13213.0	666421.0	10196.0	378653.0	134622.0	26693.0	107929.0
393149.0	322796.0	6738.0	2028.0	30817.0	667.0	11993.0	18110.0	1729.0	16381.0
2450758.0	1486443.0	160065.0	17330.0	163182.0	7783.0	512513.0	103442.0	30480.0	72962.0
1540975.0	874105.0	152261.0	11548.0	248351.0	18375.0	120060.0	116275.0	17071.0	99204.0
2171603.0	1320579.0	178755.0	19292.0	157436.0	6908.0	383485.0	105148.0	27808.0	77340.0
3343364.0	2373583.0	171408.0	20446.0	401745.0	13943.0	187840.0	174399.0	30296.0	144103.0
883305.0	400727.0	45886.0	2308.0	302795.0	2126.0	71923.0	57540.0	9256.0	48284.0
752660.0	436288.0	54996.0	4560.0	120792.0	4351.0	47132.0	84541.0	6618.0	77923.0
284010.0	248227.0	5123.0	1731.0	10265.0	235.0	6756.0	11673.0	1799.0	9874.0
769545.0	385286.0	16374.0	3089.0	226445.0	8787.0	80699.0	48865.0	7803.0	41062.0
446527.0	349976.0	9371.0	6202.0	24922.0	500.0	35392.0	20164.0	4011.0	16153.0
1937570.0	859705.0	49486.0	8791.0	721307.0	6751.0	191580.0	99950.0	16835.0	83115.0
274255.0	201567.0	2874.0	954.0	13521.0	388.0	41896.0	13055.0	3456.0	9599.0
180040.0	153562.0	2080.0	4384.0	5654.0	341.0	6307.0	7712.0	865.0	6847.0
446610.0	237882.0	59795.0	2524.0	70209.0	4869.0	39696.0	31635.0	3228.0	28407.0
499942.0	369293.0	8049.0	5039.0	21637.0	1176.0	69166.0	25582.0	5799.0	19783.0
549815.0	434015.0	16865.0	5011.0	28148.0	4616.0	37100.0	24060.0	5696.0	18364.0
96807.0	66617.0	2001.0	888.0	13831.0	1399.0	5094.0	6977.0	1231.0	5746.0
465861.0	332150.0	8947.0	4550.0	17675.0	711.0	84196.0	17632.0	7236.0	10396.0
850967.0	685974.0	14696.0	5106.0	64523.0	1632.0	39930.0	39106.0	7790.0	31316.0
220408.0	158000.0	6684.0	925.0	31615.0	1102.0	6636.0	15446.0	1266.0	14180.0
78041.0	60004.0	2132.0	1513.0	5721.0	1025.0	2385.0	5261.0	867.0	4394.0
511868.0	416894.0	16804.0	5317.0	18457.0	362.0	24160.0	29874.0	4451.0	25423.0
651215.0	469233.0	73002.0	5249.0	38778.0	1526.0	30804.0	32623.0	5412.0	27211.0
326078.0	286455.0	3185.0	1804.0	14360.0	117.0	8019.0	12138.0	1826.0	10312.0
69267.0	60869.0	1103.0	196.0	4951.0	0.0	450.0	1698.0	370.0	1328.0
716492.0	544519.0	64199.0	6686.0	26827.0	1213.0	43500.0	29548.0	4291.0	25257.0
342776.0	305784.0	5180.0	1497.0	16299.0	87.0	3697.0	10232.0	1475.0	8757.0
713856.0	568933.0	45510.0	5466.0	20891.0	2548.0	25671.0	44837.0	8339.0	36498.0
580233.0	524901.0	6402.0	4120.0	18397.0	89.0	11670.0	14654.0	1660.0	12994.0
350518.0	320513.0	3523.0	1972.0	7779.0	214.0	3841.0	12676.0	1760.0	10916.0
153207.0	143773.0	1426.0	2200.0	1956.0	14.0	1062.0	2776.0	411.0	2365.0
167529.0	137420.0	3615.0	5493.0	1342.0	79.0	13542.0	6038.0	1020.0	5018.0
314305.0	284731.0	4398.0	1447.0	4725.0	1069.0	8259.0	9676.0	2802.0	6874.0
943823.0	672515.0	108358.0	2417.0	52072.0	494.0	77390.0	30577.0	6753.0	23824.0
892697.0	632985.0	125302.0	2111.0	49780.0	477.0	48568.0	33474.0	6031.0	27443.0
181111.0	166880.0	3296.0	284.0	2813.0	0.0	2874.0	4964.0	1296.0	3668.0
162682.0	142250.0	10306.0	174.0	5421.0	46.0	1306.0	3179.0	477.0	2702.0
857620.0	624693.0	120459.0	2541.0	35199.0	0.0	49092.0	25636.0	5206.0	20430.0
266784.0	212183.0	17171.0	1346.0	11344.0	0.0	8074.0	16666.0	1353.0	15313.0
150921.0	132634.0	4158.0	232.0	7604.0	0.0	2569.0	3724.0	356.0	3368.0
117027.0	103996.0	2502.0	402.0	1622.0	0.0	5335.0	3170.0	627.0	2543.0
178550.0	116529.0	45522.0	1556.0	4144.0	106.0	1737.0	8956.0	485.0	8471.0
559335.0	353694.0	144954.0	1512.0	31543.0	357.0	14083.0	13192.0	1775.0	11417.0
229286.0	189558.0	27118.0	1329.0	3336.0	433.0	3832.0	3680.0	342.0	3338.0
702455.0	296747.0	319777.0	1932.0	27538.0	397.0	30897.0	25167.0	3722.0	21445.0
269956.0	186822.0	52720.0	970.0	17015.0	284.0	2606.0	9539.0	955.0	8584.0
185287.0	146936.0	19301.0	877.0	3867.0	62.0	5229.0	9015.0	293.0	8722.0
596849.0	491473.0	57559.0	1788.0	14941.0	611.0	6041.0	24436.0	1705.0	22731.0
1951260.0	1161467.0	562696.0	6018.0	72663.0	1816.0	79885.0	66715.0	11597.0	55118.0
184998.0	167034.0	9781.0	224.0	2517.0	215.0	1482.0	3745.0	516.0	3229.0
147929.0	136707.0	4284.0	430.0	2155.0	0.0	1167.0	3186.0	579.0	2607.0
216072.0	168786.0	24859.0	35.0	5712.0	0.0	6522.0	10158.0	472.0	9686.0
378488.0	334685.0	26009.0	810.0	5521.0	112.0	7259.0	4092.0	514.0	3578.0
70503.0	53675.0	11899.0	364.0	354.0	0.0	825.0	3386.0	1937.0	1449.0
950181.0	566932.0	278340.0	3413.0	44256.0	409.0	21729.0	35102.0	2314.0	32788.0
315534.0	214141.0	71301.0	1814.0	11379.0	421.0	2714.0	13764.0	1844.0	11920.0
112067.0	92191.0	11266.0	0.0	2828.0	0.0	3197.0	2585.0	67.0	2518.0
190865.0	168354.0	10761.0	662.0	2139.0	0.0	3619.0	5330.0	945.0	4385.0
105424.0	84051.0	10117.0	0.0	921.0	0.0	7747.0	2588.0	53.0	2535.0
1436888.0	1003558.0	241095.0	3754.0	58301.0	388.0	66171.0	63621.0	11832.0	51789.0
157413.0	135869.0	13492.0	717.0	1188.0	264.0	1313.0	4570.0	317.0	4253.0
356495.0	293920.0	41098.0	1760.0	6928.0	155.0	3276.0	9358.0	1216.0	8142.0
754610.0	632400.0	68105.0	614.0	12403.0	399.0	29748.0	10941.0	2420.0	8521.0
292502.0	178125.0	91171.0	523.0	11278.0	148.0	3352.0	7905.0	1451.0	6454.0
394855.0	337520.0	32646.0	717.0	9221.0	235.0	5571.0	8945.0	1237.0	7708.0
359977.0	294540.0	43923.0	1019.0	4898.0	173.0	6196.0	9228.0	288.0	8940.0
160912.0	137280.0	11043.0	316.0	2904.0	0.0	6184.0	3185.0	1142.0	2043.0
2761581.0	2054029.0	472958.0	5983.0	44830.0	361.0	135869.0	47551.0	14450.0	33101.0
75027.0	65534.0	5227.0	31.0	1027.0	260.0	1991.0	957.0	121.0	836.0
85832.0	78055.0	5011.0	430.0	805.0	0.0	35.0	1496.0	306.0	1190.0
207269.0	162777.0	20465.0	572.0	7062.0	401.0	6985.0	9007.0	536.0	8471.0
1380645.0	881215.0	288018.0	4549.0	71893.0	1276.0	85680.0	48014.0	11515.0	36499.0
367990.0	261233.0	43509.0	1172.0	11147.0	16.0	34241.0	16672.0	3558.0	13114.0
1485941.0	1086487.0	273542.0	2419.0	42059.0	1017.0	41155.0	39262.0	5787.0	33475.0
539630.0	464256.0	30469.0	2309.0	13863.0	109.0	11525.0	17099.0	2207.0	14892.0
975280.0	791389.0	99971.0	2598.0	32571.0	1235.0	14406.0	33110.0	3896.0	29214.0
708009.0	541001.0	107044.0	2670.0	13061.0	0.0	26628.0	17605.0	2276.0	15329.0
74163.0	59256.0	11881.0	0.0	530.0	0.0	525.0	1971.0	429.0	1542.0
254261.0	224296.0	14093.0	819.0	7638.0	0.0	1717.0	5698.0	570.0	5128.0
321128.0	232424.0	64874.0	0.0	6057.0	376.0	6968.0	10429.0	2989.0	7440.0
179349.0	152137.0	10837.0	1194.0	3161.0	865.0	2511.0	8644.0	935.0	7709.0
426718.0	388007.0	19172.0	871.0	7605.0	238.0	2769.0	8056.0	935.0	7121.0
467832.0	346992.0	57125.0	1127.0	22199.0	273.0	27014.0	13102.0	1741.0	11361.0
128754.0	114673.0	10375.0	176.0	1403.0	0.0	1194.0	933.0	245.0	688.0
547538.0	441141.0	60845.0	2441.0	10098.0	120.0	24373.0	8520.0	650.0	7870.0
71375.0	62177.0	3176.0	553.0	633.0	0.0	1990.0	2846.0	118.0	2728.0
80809.0	63590.0	9937.0	218.0	3172.0	60.0	2402.0	1430.0	32.0	1398.0
106408.0	89990.0	11734.0	198.0	1341.0	0.0	1114.0	2031.0	280.0	1751.0
153095.0	61370.0	81723.0	188.0	3249.0	144.0	1858.0	4563.0	553.0	4010.0
77296.0	49991.0	20136.0	0.0	1108.0	1161.0	352.0	4548.0	1440.0	3108.0
118121.0	86164.0	22574.0	1960.0	312.0	0.0	3753.0	3358.0	377.0	2981.0
67420.0	61292.0	2750.0	887.0	905.0	0.0	0.0	1586.0	0.0	1586.0
289195.0	151743.0	113883.0	634.0	7493.0	1688.0	3631.0	10123.0	1248.0	8875.0
254149.0	217980.0	16274.0	826.0	4850.0	618.0	6407.0	7194.0	968.0	6226.0
127330.0	80444.0	35535.0	311.0	4947.0	166.0	2254.0	3673.0	156.0	3517.0
289615.0	44414.0	202746.0	308.0	14865.0	368.0	17176.0	9738.0	1950.0	7788.0
756865.0	437149.0	208527.0	1875.0	43013.0	1444.0	40060.0	24797.0	6156.0	18641.0
154291.0	112921.0	26416.0	0.0	7116.0	0.0	1987.0	5851.0	359.0	5492.0
145864.0	111427.0	25081.0	1428.0	3242.0	0.0	1563.0	3123.0	139.0	2984.0
756558.0	265235.0	403014.0	6959.0	47716.0	2868.0	7938.0	22828.0	4321.0	18507.0
91243.0	22804.0	63283.0	494.0	372.0	128.0	1757.0	2405.0	2.0	2403.0
145331.0	65772.0	69703.0	0.0	2431.0	0.0	2811.0	4614.0	341.0	4273.0
113459.0	74889.0	27242.0	315.0	5382.0	0.0	2912.0	2719.0	217.0	2502.0
97927.0	78436.0	13648.0	299.0	1807.0	0.0	1338.0	2399.0	338.0	2061.0
236612.0	183956.0	9944.0	52.0	34047.0	279.0	3321.0	5013.0	1129.0	3884.0
1050114.0	467999.0	457063.0	2647.0	78713.0	478.0	19988.0	23226.0	2720.0	20506.0
927781.0	431934.0	259173.0	6573.0	111728.0	45.0	89869.0	28459.0	3492.0	24967.0
202148.0	174232.0	13415.0	576.0	3392.0	0.0	5217.0	5316.0	390.0	4926.0
230220.0	105190.0	104658.0	170.0	7868.0	0.0	3307.0	9027.0	986.0	8041.0
155469.0	91416.0	51094.0	640.0	5559.0	70.0	2932.0	3758.0	1715.0	2043.0
70422.0	61209.0	4893.0	19.0	1062.0	21.0	1415.0	1803.0	455.0	1348.0
116321.0	65868.0	42377.0	292.0	1882.0	0.0	2526.0	3376.0	0.0	3376.0
194160.0	83257.0	91077.0	107.0	4211.0	224.0	3745.0	11539.0	3310.0	8229.0
109541.0	53664.0	50221.0	0.0	1478.0	0.0	1788.0	2390.0	0.0	2390.0
201554.0	73586.0	113773.0	595.0	4377.0	118.0	2687.0	6418.0	790.0	5628.0
90594.0	33589.0	52466.0	41.0	1667.0	0.0	1273.0	1558.0	431.0	1127.0
66100.0	40759.0	22394.0	213.0	719.0	0.0	690.0	1325.0	200.0	1125.0
70034.0	40980.0	26220.0	0.0	1622.0	0.0	817.0	395.0	0.0	395.0
93503.0	71248.0	17381.0	53.0	1276.0	0.0	2038.0	1507.0	0.0	1507.0
200983.0	65322.0	1487.0	917.0	45875.0	22582.0	6288.0	58512.0	997.0	57515.0
980080.0	200434.0	25504.0	1772.0	413848.0	96501.0	8592.0	233429.0	9350.0	224079.0
72133.0	22378.0	127.0	242.0	24320.0	6462.0	400.0	18204.0	1344.0	16860.0
167218.0	57482.0	1195.0	297.0	50433.0	19426.0	2772.0	35613.0	422.0	35191.0
469966.0	423193.0	7344.0	2031.0	14535.0	1277.0	7465.0	14121.0	1067.0	13054.0
87138.0	78243.0	659.0	2662.0	1987.0	110.0	870.0	2607.0	166.0	2441.0
116854.0	104226.0	387.0	534.0	1256.0	0.0	6378.0	4073.0	998.0	3075.0
223499.0	183631.0	897.0	2419.0	1992.0	452.0	24114.0	9994.0	4228.0	5766.0
161505.0	151779.0	445.0	2159.0	1766.0	501.0	903.0	3952.0	508.0	3444.0
86081.0	78253.0	190.0	383.0	2121.0	0.0	3635.0	1499.0	310.0	1189.0
65691.0	61152.0	3054.0	248.0	426.0	0.0	31.0	780.0	48.0	732.0
209983.0	149873.0	27968.0	164.0	23646.0	0.0	2376.0	5956.0	337.0	5619.0
5180493.0	2964037.0	1204613.0	14604.0	389530.0	2270.0	467641.0	137798.0	30546.0	107252.0
104143.0	88945.0	8124.0	31.0	2767.0	0.0	1029.0	3247.0	361.0	2886.0
928589.0	705636.0	42117.0	3856.0	113181.0	1197.0	34485.0	28117.0	4800.0	23317.0
534216.0	403393.0	29350.0	1539.0	21759.0	244.0	62855.0	15076.0	3435.0	11641.0
110024.0	87469.0	15976.0	78.0	1016.0	0.0	2820.0	2665.0	195.0	2470.0
127915.0	109374.0	8605.0	77.0	4649.0	0.0	1629.0	3581.0	217.0	3364.0
700832.0	519328.0	46360.0	3441.0	56758.0	310.0	54419.0	20216.0	4315.0	15901.0
109430.0	100371.0	3547.0	64.0	938.0	0.0	2142.0	2368.0	425.0	1943.0
308570.0	283946.0	5846.0	345.0	8795.0	0.0	3264.0	6374.0	455.0	5919.0
172828.0	143769.0	14547.0	290.0	8986.0	0.0	1506.0	3730.0	224.0	3506.0
104712.0	81660.0	17609.0	149.0	1226.0	0.0	468.0	3600.0	77.0	3523.0
264461.0	229879.0	22876.0	668.0	2508.0	27.0	2607.0	5896.0	301.0	5595.0
180621.0	131960.0	30995.0	637.0	7844.0	0.0	1988.0	7197.0	220.0	6977.0
143477.0	113735.0	14038.0	462.0	4141.0	132.0	4420.0	6549.0	1740.0	4809.0
261059.0	166252.0	78982.0	300.0	3973.0	0.0	4406.0	7146.0	0.0	7146.0
195348.0	159781.0	24375.0	589.0	4191.0	19.0	1010.0	5383.0	0.0	5383.0
132328.0	125963.0	1978.0	317.0	1482.0	53.0	961.0	1574.0	96.0	1478.0
76806.0	62290.0	10903.0	111.0	797.0	152.0	730.0	1823.0	540.0	1283.0
692310.0	508964.0	76324.0	3843.0	35847.0	455.0	39786.0	27091.0	4143.0	22948.0
67056.0	60144.0	2656.0	386.0	928.0	0.0	1551.0	1391.0	56.0	1335.0
284081.0	225163.0	36736.0	323.0	8487.0	66.0	3878.0	9428.0	1490.0	7938.0
375351.0	290814.0	43203.0	750.0	15205.0	517.0	9495.0	15367.0	1197.0	14170.0
82753.0	70856.0	1319.0	0.0	6556.0	0.0	1321.0	2701.0	0.0	2701.0
66999.0	61585.0	1305.0	183.0	1227.0	0.0	872.0	1827.0	256.0	1571.0
117360.0	102369.0	8287.0	0.0	695.0	95.0	1322.0	4592.0	0.0	4592.0
114772.0	101710.0	7989.0	110.0	1718.0	163.0	114.0	2968.0	555.0	2413.0
205560.0	175515.0	9586.0	690.0	1849.0	358.0	8836.0	8726.0	1308.0	7418.0
77781.0	70351.0	4075.0	174.0	871.0	0.0	396.0	1914.0	25.0	1889.0
65936.0	58339.0	4966.0	88.0	131.0	0.0	328.0	2084.0	124.0	1960.0
330086.0	284669.0	12440.0	25.0	19303.0	408.0	2685.0	10556.0	903.0	9653.0
167009.0	144714.0	11473.0	61.0	5101.0	71.0	1844.0	3745.0	381.0	3364.0
82366.0	72144.0	6281.0	761.0	1291.0	0.0	270.0	1619.0	164.0	1455.0
156225.0	143005.0	3296.0	0.0	5313.0	251.0	901.0	3459.0	237.0	3222.0
79344.0	74508.0	425.0	651.0	1105.0	0.0	1774.0	881.0	96.0	785.0
484411.0	292546.0	112433.0	1052.0	7424.0	405.0	51121.0	19430.0	7156.0	12274.0
110007.0	90465.0	12635.0	551.0	69.0	0.0	2710.0	3577.0	94.0	3483.0
129641.0	113549.0	11218.0	241.0	713.0	0.0	1196.0	2724.0	319.0	2405.0
954670.0	574159.0	273100.0	2438.0	34090.0	592.0	40351.0	29940.0	4923.0	25017.0
146917.0	125701.0	4366.0	800.0	10317.0	0.0	917.0	4816.0	0.0	4816.0
169594.0	153565.0	6584.0	308.0	2501.0	0.0	2028.0	4608.0	1614.0	2994.0
270771.0	209274.0	36168.0	1294.0	6770.0	146.0	6764.0	10355.0	1810.0	8545.0
193048.0	157823.0	10775.0	617.0	15530.0	0.0	3164.0	5139.0	410.0	4729.0
180974.0	153582.0	19069.0	156.0	1826.0	0.0	2537.0	3804.0	191.0	3613.0
107386.0	92707.0	7547.0	48.0	2083.0	0.0	1844.0	3157.0	174.0	2983.0
132408.0	110437.0	13714.0	744.0	3689.0	365.0	1489.0	1970.0	182.0	1788.0
90180.0	81948.0	2275.0	145.0	3848.0	0.0	83.0	1881.0	126.0	1755.0
96854.0	90011.0	2548.0	312.0	1318.0	72.0	36.0	2557.0	0.0	2557.0
151260.0	122765.0	10576.0	341.0	9222.0	423.0	4449.0	3484.0	134.0	3350.0
225909.0	197791.0	14183.0	367.0	5508.0	713.0	1383.0	5964.0	302.0	5662.0
487204.0	408849.0	31773.0	933.0	23806.0	262.0	6667.0	14914.0	1299.0	13615.0
93533.0	86911.0	1818.0	313.0	541.0	62.0	1888.0	2000.0	111.0	1889.0
173283.0	147632.0	11733.0	491.0	4702.0	175.0	1081.0	7469.0	50.0	7419.0
98105.0	83589.0	1259.0	93.0	8376.0	0.0	1365.0	3423.0	186.0	3237.0
102539.0	89664.0	4374.0	2067.0	2906.0	137.0	787.0	2604.0	881.0	1723.0
66765.0	61852.0	1527.0	516.0	665.0	95.0	64.0	2046.0	103.0	1943.0
121436.0	98730.0	5261.0	4196.0	6983.0	123.0	1295.0	4848.0	355.0	4493.0
597555.0	512258.0	27293.0	1781.0	30094.0	236.0	7001.0	18892.0	1338.0	17554.0
81352.0	67317.0	6781.0	410.0	720.0	49.0	931.0	5144.0	128.0	5016.0
73703.0	61179.0	4717.0	100.0	3560.0	63.0	610.0	3474.0	119.0	3355.0
513607.0	394951.0	46536.0	6261.0	20105.0	166.0	22769.0	22819.0	1525.0	21294.0
177499.0	146378.0	15208.0	2303.0	2581.0	73.0	3789.0	7167.0	564.0	6603.0
165324.0	95143.0	34860.0	618.0	7957.0	1379.0	18174.0	7193.0	971.0	6222.0
131533.0	119189.0	3903.0	0.0	2300.0	0.0	1428.0	4713.0	136.0	4577.0
93152.0	87558.0	3016.0	214.0	944.0	0.0	353.0	1067.0	0.0	1067.0
71671.0	50090.0	15698.0	410.0	1394.0	1143.0	556.0	2380.0	305.0	2075.0
101104.0	90215.0	4299.0	177.0	1809.0	901.0	741.0	2962.0	271.0	2691.0
323780.0	240762.0	47626.0	356.0	12495.0	0.0	9541.0	13000.0	2379.0	10621.0
110356.0	86565.0	12289.0	901.0	2503.0	403.0	2570.0	5125.0	223.0	4902.0
770517.0	545801.0	168182.0	1914.0	23035.0	27.0	12743.0	18815.0	1453.0	17362.0
166051.0	147814.0	7076.0	385.0	1936.0	0.0	4267.0	4573.0	137.0	4436.0
65346.0	55544.0	7164.0	354.0	627.0	67.0	381.0	1209.0	0.0	1209.0
92368.0	84080.0	3960.0	138.0	958.0	0.0	811.0	2421.0	167.0	2254.0
66470.0	60748.0	2850.0	82.0	1050.0	0.0	400.0	1340.0	0.0	1340.0
131264.0	105739.0	9620.0	190.0	6036.0	1328.0	2653.0	5698.0	579.0	5119.0
124672.0	88992.0	27087.0	386.0	1875.0	176.0	2862.0	3294.0	68.0	3226.0
127185.0	89362.0	29728.0	484.0	2705.0	362.0	2539.0	2005.0	818.0	1187.0
242922.0	111397.0	119870.0	1255.0	3189.0	140.0	2215.0	4856.0	501.0	4355.0
203112.0	142512.0	51649.0	609.0	2662.0	0.0	1345.0	4335.0	89.0	4246.0
440956.0	205202.0	204056.0	279.0	12497.0	0.0	7028.0	11894.0	817.0	11077.0
70941.0	44079.0	22855.0	0.0	2044.0	0.0	251.0	1712.0	0.0	1712.0
434051.0	268532.0	118066.0	1890.0	16431.0	93.0	16616.0	12423.0	1625.0	10798.0
242782.0	167641.0	63982.0	467.0	4655.0	0.0	900.0	5137.0	384.0	4753.0
98115.0	78106.0	13264.0	1833.0	281.0	0.0	1218.0	3413.0	36.0	3377.0
139567.0	124284.0	7246.0	375.0	1211.0	0.0	3073.0	3378.0	0.0	3378.0
391006.0	133177.0	231314.0	706.0	10870.0	0.0	6811.0	8128.0	1629.0	6499.0
154475.0	90466.0	57839.0	73.0	1724.0	0.0	1802.0	2571.0	525.0	2046.0
130562.0	82324.0	40327.0	1099.0	1344.0	41.0	1130.0	4297.0	241.0	4056.0
258111.0	213213.0	32957.0	2309.0	4533.0	0.0	1222.0	3877.0	350.0	3527.0
133777.0	89592.0	39782.0	188.0	1109.0	0.0	458.0	2648.0	304.0	2344.0
111021.0	78252.0	20567.0	6792.0	1373.0	31.0	542.0	3464.0	174.0	3290.0
107679.0	98471.0	3184.0	66.0	757.0	0.0	93.0	5108.0	792.0	4316.0
67111.0	63699.0	279.0	1397.0	219.0	10.0	0.0	1507.0	141.0	1366.0
293557.0	268658.0	9041.0	377.0	6951.0	109.0	1320.0	7101.0	696.0	6405.0
122083.0	116802.0	491.0	158.0	1389.0	335.0	180.0	2728.0	0.0	2728.0
151096.0	143056.0	1690.0	2037.0	1688.0	0.0	255.0	2370.0	87.0	2283.0
206229.0	196797.0	1954.0	1121.0	2565.0	0.0	556.0	3236.0	43.0	3193.0
70975.0	62148.0	6469.0	107.0	308.0	7.0	312.0	1624.0	176.0	1448.0
576031.0	410193.0	96455.0	952.0	22370.0	79.0	18814.0	27168.0	1435.0	25733.0
828431.0	490687.0	240297.0	1833.0	50320.0	4785.0	12999.0	27510.0	2096.0	25414.0
92003.0	74058.0	11823.0	0.0	2346.0	0.0	1062.0	2714.0	0.0	2714.0
168429.0	153478.0	5767.0	186.0	3359.0	27.0	1415.0	4197.0	0.0	4197.0
102826.0	90629.0	7325.0	33.0	1403.0	0.0	556.0	2880.0	329.0	2551.0
161503.0	68969.0	77394.0	1079.0	5200.0	0.0	1162.0	7699.0	290.0	7409.0
255648.0	207110.0	26200.0	304.0	10441.0	260.0	2655.0	8678.0	804.0	7874.0
253956.0	198408.0	35479.0	490.0	6519.0	180.0	3419.0	9461.0	731.0	8730.0
323196.0	181707.0	64624.0	657.0	59189.0	130.0	4615.0	12274.0	1352.0	10922.0
1052567.0	542829.0	196316.0	2818.0	152890.0	391.0	103255.0	54068.0	12845.0	41223.0
909308.0	142297.0	566790.0	2331.0	37029.0	187.0	131686.0	28988.0	3988.0	25000.0
112664.0	86881.0	17155.0	89.0	2693.0	0.0	1804.0	4042.0	115.0	3927.0
150926.0	124032.0	16959.0	184.0	2931.0	843.0	921.0	5056.0	351.0	4705.0
103195.0	67846.0	27727.0	195.0	3277.0	0.0	1302.0	2848.0	221.0	2627.0
602495.0	183276.0	371664.0	1600.0	15490.0	61.0	13343.0	17061.0	2339.0	14722.0
213413.0	195181.0	8036.0	1538.0	3229.0	95.0	2363.0	2971.0	346.0	2625.0
126348.0	113854.0	3940.0	374.0	2133.0	189.0	2232.0	3626.0	528.0	3098.0
564022.0	473728.0	25062.0	753.0	13053.0	127.0	35227.0	16072.0	4475.0	11597.0
790638.0	612629.0	35405.0	1188.0	28928.0	0.0	90522.0	21966.0	4268.0	17698.0
70963.0	65352.0	1107.0	276.0	1143.0	0.0	1639.0	1446.0	33.0	1413.0
470406.0	382653.0	44607.0	1082.0	11656.0	0.0	18041.0	12367.0	1795.0	10572.0
161355.0	140335.0	4378.0	417.0	9251.0	57.0	1559.0	5358.0	1049.0	4309.0
1614714.0	1226390.0	87875.0	4164.0	198986.0	1448.0	42028.0	53823.0	7895.0	45928.0
705388.0	539996.0	53112.0	1209.0	83337.0	75.0	11827.0	15832.0	1968.0	13864.0
518132.0	428704.0	51695.0	1136.0	7949.0	58.0	15087.0	13503.0	3836.0	9667.0
807252.0	443247.0	175761.0	2498.0	71303.0	165.0	57053.0	57225.0	8251.0	48974.0
830839.0	689588.0	44256.0	1371.0	41100.0	561.0	25388.0	28575.0	5819.0	22756.0
117327.0	108456.0	2355.0	404.0	993.0	0.0	3334.0	1785.0	30.0	1755.0
103923.0	98807.0	1851.0	353.0	473.0	0.0	119.0	2320.0	39.0	2281.0
154141.0	121712.0	21589.0	862.0	2842.0	0.0	1431.0	5705.0	624.0	5081.0
134487.0	109046.0	13948.0	789.0	3634.0	0.0	1013.0	6057.0	222.0	5835.0
79332.0	74461.0	1975.0	152.0	1161.0	0.0	130.0	1453.0	0.0	1453.0
109826.0	95241.0	7054.0	509.0	2826.0	0.0	1347.0	2849.0	91.0	2758.0
406892.0	304719.0	80771.0	1523.0	4031.0	66.0	1899.0	13883.0	1085.0	12798.0
92573.0	87687.0	740.0	802.0	508.0	118.0	547.0	2171.0	34.0	2137.0
292735.0	216991.0	34341.0	837.0	20591.0	30.0	3593.0	16352.0	2119.0	14233.0
70562.0	61141.0	1787.0	3172.0	1333.0	36.0	1332.0	1761.0	93.0	1668.0
158823.0	138207.0	12464.0	418.0	1421.0	86.0	1226.0	5001.0	206.0	4795.0
264870.0	212930.0	27655.0	928.0	6269.0	534.0	1252.0	15302.0	1789.0	13513.0
653786.0	519959.0	62932.0	2449.0	21059.0	614.0	19537.0	27236.0	3274.0	23962.0
88028.0	84667.0	649.0	351.0	589.0	52.0	101.0	1619.0	79.0	1540.0
98266.0	92099.0	2261.0	525.0	479.0	0.0	192.0	2710.0	101.0	2609.0
191224.0	184138.0	1511.0	836.0	1872.0	116.0	494.0	2257.0	130.0	2127.0
874759.0	703955.0	105713.0	2932.0	36776.0	351.0	5115.0	19917.0	1321.0	18596.0
66516.0	61832.0	949.0	812.0	707.0	67.0	58.0	2091.0	377.0	1714.0
83209.0	77869.0	1229.0	250.0	2101.0	34.0	430.0	1296.0	0.0	1296.0
150439.0	141477.0	3117.0	85.0	645.0	0.0	1065.0	4050.0	0.0	4050.0
173588.0	140769.0	23350.0	1822.0	1270.0	0.0	782.0	5595.0	231.0	5364.0
1259201.0	940933.0	175057.0	2940.0	98366.0	379.0	10045.0	31481.0	2644.0	28837.0
290494.0	256742.0	5460.0	992.0	8189.0	0.0	10352.0	8759.0	1649.0	7110.0
190800.0	143716.0	36459.0	590.0	2519.0	0.0	2198.0	5318.0	824.0	4494.0
159337.0	149149.0	4086.0	358.0	780.0	57.0	456.0	4451.0	437.0	4014.0
68192.0	65441.0	644.0	60.0	119.0	0.0	500.0	1428.0	119.0	1309.0
75448.0	64726.0	3063.0	216.0	333.0	39.0	4175.0	2896.0	395.0	2501.0
370963.0	272448.0	42546.0	555.0	36404.0	230.0	3867.0	14913.0	665.0	14248.0
1753893.0	932034.0	675924.0	5808.0	59619.0	749.0	34835.0	44924.0	4441.0	40483.0
353813.0	294882.0	23174.0	2712.0	15764.0	144.0	5315.0	11822.0	823.0	10999.0
67427.0	60716.0	2602.0	132.0	1696.0	146.0	439.0	1696.0	198.0	1498.0
103551.0	95336.0	1993.0	25.0	3132.0	30.0	443.0	2592.0	110.0	2482.0
425423.0	349067.0	28112.0	1080.0	20517.0	66.0	9646.0	16935.0	1046.0	15889.0
1259428.0	903643.0	169349.0	9894.0	90522.0	235.0	37300.0	48485.0	4436.0	44049.0
156277.0	130262.0	10024.0	200.0	9542.0	64.0	1901.0	4284.0	169.0	4115.0
550210.0	360289.0	65928.0	3830.0	81169.0	95.0	12468.0	26431.0	2034.0	24397.0
66523.0	57152.0	3893.0	256.0	1653.0	172.0	2417.0	980.0	0.0	980.0
199754.0	183984.0	2661.0	3763.0	1573.0	184.0	483.0	7106.0	204.0	6902.0
147381.0	125083.0	7189.0	954.0	9629.0	0.0	1522.0	3004.0	124.0	2880.0
96036.0	88556.0	2625.0	916.0	1675.0	0.0	368.0	1896.0	365.0	1531.0
159256.0	138505.0	11438.0	158.0	2985.0	0.0	3157.0	3013.0	270.0	2743.0
259201.0	220135.0	13137.0	923.0	15443.0	60.0	1868.0	7635.0	591.0	7044.0
136349.0	128071.0	1279.0	137.0	1783.0	33.0	1528.0	3518.0	0.0	3518.0
182001.0	119484.0	51441.0	295.0	1954.0	61.0	3784.0	4982.0	813.0	4169.0
75036.0	44362.0	27788.0	245.0	770.0	193.0	324.0	1354.0	40.0	1314.0
206650.0	140305.0	52714.0	440.0	5047.0	401.0	1265.0	6478.0	136.0	6342.0
237085.0	59615.0	173435.0	146.0	1449.0	27.0	664.0	1749.0	165.0	1584.0
143277.0	100036.0	28428.0	62.0	3722.0	0.0	5573.0	5456.0	332.0	5124.0
85202.0	57076.0	24351.0	399.0	455.0	0.0	1916.0	1005.0	0.0	1005.0
105630.0	61009.0	40002.0	32.0	3021.0	0.0	349.0	1217.0	0.0	1217.0
153902.0	115335.0	32841.0	602.0	1886.0	0.0	2059.0	1179.0	0.0	1179.0
180005.0	146365.0	16375.0	827.0	8521.0	0.0	359.0	7558.0	444.0	7114.0
88571.0	77057.0	4681.0	233.0	756.0	0.0	1712.0	4132.0	189.0	3943.0
78753.0	69161.0	4869.0	120.0	1682.0	0.0	143.0	2778.0	53.0	2725.0
104954.0	95973.0	4046.0	544.0	711.0	103.0	365.0	3212.0	0.0	3212.0
86983.0	82168.0	1950.0	943.0	419.0	0.0	0.0	1503.0	31.0	1472.0
246365.0	209718.0	16327.0	1300.0	4489.0	722.0	3444.0	10365.0	911.0	9454.0
76796.0	64447.0	9206.0	463.0	1023.0	0.0	193.0	1464.0	253.0	1211.0
291923.0	261783.0	8836.0	1433.0	5308.0	123.0	3543.0	10897.0	187.0	10710.0
700307.0	473711.0	163281.0	2039.0	12554.0	2275.0	20437.0	26010.0	2218.0	23792.0
120636.0	107377.0	2444.0	3024.0	1326.0	98.0	2012.0	4355.0	122.0	4233.0
224347.0	215160.0	984.0	765.0	1536.0	212.0	579.0	5111.0	440.0	4671.0
102985.0	87196.0	7389.0	403.0	2602.0	209.0	1204.0	3982.0	181.0	3801.0
399182.0	356581.0	19425.0	629.0	10997.0	0.0	2515.0	9035.0	497.0	8538.0
996945.0	674930.0	243987.0	1974.0	45482.0	587.0	6773.0	23212.0	828.0	22384.0
302838.0	142649.0	137404.0	685.0	10878.0	432.0	2698.0	8092.0	410.0	7682.0
81643.0	71351.0	1416.0	3319.0	675.0	80.0	1314.0	3488.0	92.0	3396.0
102106.0	96362.0	411.0	2081.0	1369.0	0.0	362.0	1521.0	385.0	1136.0
111876.0	105137.0	295.0	943.0	1970.0	0.0	577.0	2954.0	58.0	2896.0
68700.0	64688.0	270.0	1535.0	471.0	0.0	261.0	1475.0	0.0	1475.0
118791.0	108625.0	826.0	1877.0	1838.0	515.0	442.0	4668.0	717.0	3951.0
160137.0	144044.0	787.0	7763.0	1019.0	67.0	965.0	5492.0	443.0	5049.0
566880.0	446280.0	61942.0	4147.0	22721.0	90.0	13107.0	18593.0	1310.0	17283.0
317272.0	271640.0	12492.0	2085.0	12759.0	134.0	4174.0	13988.0	2151.0	11837.0
184459.0	158475.0	7373.0	636.0	4295.0	162.0	5678.0	7840.0	744.0	7096.0
2231647.0	1285689.0	264357.0	23704.0	219628.0	15694.0	295018.0	127557.0	23100.0	104457.0
465735.0	352974.0	11785.0	7284.0	23738.0	3267.0	46041.0	20646.0	3563.0	17083.0
76493.0	72081.0	537.0	313.0	1349.0	0.0	110.0	2103.0	230.0	1873.0
89786.0	82882.0	1212.0	403.0	3169.0	89.0	260.0	1771.0	132.0	1639.0
415247.0	366558.0	13824.0	622.0	17910.0	42.0	4888.0	11403.0	600.0	10803.0
151132.0	142580.0	2033.0	388.0	3026.0	204.0	671.0	2230.0	56.0	2174.0
309176.0	292224.0	2447.0	9.0	5447.0	0.0	2221.0	6828.0	606.0	6222.0
130090.0	120443.0	934.0	201.0	4606.0	180.0	317.0	3409.0	55.0	3354.0
265429.0	173409.0	37050.0	557.0	21421.0	255.0	22107.0	10630.0	740.0	9890.0
936692.0	665583.0	55416.0	2941.0	155916.0	235.0	28553.0	28048.0	6469.0	21579.0
445384.0	317611.0	76289.0	347.0	20861.0	603.0	12067.0	17606.0	1783.0	15823.0
507078.0	311840.0	102304.0	609.0	30542.0	63.0	45598.0	16122.0	4933.0	11189.0
92560.0	82013.0	3564.0	16.0	1088.0	0.0	2692.0	3187.0	366.0	2821.0
150972.0	98342.0	29550.0	793.0	2659.0	0.0	14501.0	5127.0	554.0	4573.0
799767.0	327776.0	318855.0	1076.0	44447.0	301.0	88300.0	19012.0	4126.0	14886.0
291408.0	238703.0	29877.0	508.0	9763.0	0.0	4510.0	8047.0	2213.0	5834.0
676061.0	359699.0	82145.0	3008.0	108472.0	0.0	96067.0	26670.0	7872.0	18798.0
124714.0	112770.0	3680.0	0.0	5446.0	126.0	393.0	2299.0	10.0	2289.0
369811.0	226971.0	75902.0	630.0	41990.0	111.0	16414.0	7793.0	1675.0	6118.0
829685.0	468466.0	84157.0	2911.0	202159.0	616.0	44799.0	26577.0	8473.0	18104.0
621354.0	519365.0	46143.0	495.0	34085.0	92.0	8781.0	12393.0	2196.0	10197.0
494228.0	403898.0	17669.0	833.0	51943.0	140.0	7460.0	12285.0	2333.0	9952.0
601651.0	545981.0	19746.0	827.0	11806.0	0.0	13320.0	9971.0	1037.0	8934.0
503310.0	314282.0	56572.0	754.0	27104.0	301.0	92278.0	12019.0	2561.0	9458.0
62607.0	49612.0	9394.0	346.0	450.0	0.0	1832.0	973.0	154.0	819.0
331164.0	220871.0	32082.0	500.0	61353.0	0.0	6981.0	9377.0	3142.0	6235.0
140799.0	131040.0	3364.0	88.0	3090.0	66.0	999.0	2152.0	329.0	1823.0
558067.0	296375.0	119389.0	3687.0	31093.0	0.0	93810.0	13713.0	2903.0	10810.0
105779.0	91932.0	4847.0	205.0	2525.0	0.0	2872.0	3398.0	152.0	3246.0
678701.0	530270.0	19806.0	31767.0	18763.0	176.0	47197.0	30722.0	10458.0	20264.0
64689.0	54650.0	1854.0	640.0	467.0	0.0	5432.0	1646.0	1106.0	540.0
217522.0	192259.0	4341.0	2650.0	2084.0	73.0	11526.0	4589.0	1300.0	3289.0
69611.0	63369.0	2597.0	546.0	732.0	0.0	1318.0	1049.0	427.0	622.0
72290.0	8544.0	298.0	57633.0	797.0	66.0	3610.0	1342.0	360.0	982.0
66781.0	53505.0	2225.0	4380.0	751.0	462.0	3293.0	2165.0	143.0	2022.0
145179.0	110577.0	3752.0	18073.0	2121.0	1007.0	6143.0	3506.0	969.0	2537.0
125043.0	66111.0	1074.0	50058.0	1492.0	42.0	2785.0	3481.0	621.0	2860.0
150056.0	124979.0	1781.0	4554.0	1720.0	102.0	11100.0	5820.0	2686.0	3134.0
76456.0	61354.0	1102.0	2564.0	508.0	0.0	7612.0	3316.0	741.0	2575.0
307117.0	228964.0	39649.0	282.0	21496.0	834.0	2771.0	13121.0	1006.0	12115.0
1432132.0	321890.0	509310.0	8717.0	54467.0	1945.0	473965.0	61838.0	27835.0	34003.0
191659.0	163081.0	10809.0	591.0	9341.0	99.0	3346.0	4392.0	159.0	4233.0
76840.0	70431.0	1018.0	2539.0	481.0	0.0	589.0	1782.0	87.0	1695.0
77145.0	71045.0	3506.0	132.0	580.0	0.0	529.0	1353.0	0.0	1353.0
127939.0	116291.0	3434.0	394.0	716.0	157.0	4427.0	2520.0	111.0	2409.0
84254.0	74324.0	4999.0	15.0	1174.0	0.0	501.0	3241.0	115.0	3126.0
80695.0	73115.0	3605.0	54.0	962.0	0.0	2439.0	520.0	0.0	520.0
293718.0	229184.0	32319.0	1017.0	9867.0	23.0	10400.0	10908.0	1239.0	9669.0
919719.0	711887.0	121796.0	4117.0	34361.0	22.0	22467.0	25069.0	4447.0	20622.0
111755.0	95447.0	6760.0	250.0	1516.0	217.0	2144.0	5421.0	514.0	4907.0
2582830.0	1125773.0	827041.0	7200.0	300232.0	1370.0	226874.0	94340.0	19582.0	74758.0
63227.0	58876.0	2109.0	180.0	515.0	0.0	314.0	1233.0	127.0	1106.0
70795.0	66512.0	1211.0	62.0	1485.0	0.0	659.0	866.0	123.0	743.0
742474.0	560874.0	112272.0	3122.0	28479.0	171.0	15041.0	22515.0	2960.0	19555.0
1358343.0	918655.0	162245.0	6223.0	135709.0	1093.0	97518.0	36900.0	7538.0	29362.0
1628701.0	904573.0	236356.0	12359.0	200213.0	916.0	193696.0	80588.0	20272.0	60316.0
210433.0	183349.0	15579.0	1496.0	2791.0	0.0	1587.0	5631.0	98.0	5533.0
229577.0	195773.0	15517.0	580.0	9806.0	0.0	2982.0	4919.0	1088.0	3831.0
461809.0	367730.0	55880.0	3251.0	15963.0	74.0	3690.0	15221.0	906.0	14315.0
109864.0	101177.0	2638.0	230.0	1317.0	0.0	2118.0	2384.0	162.0	2222.0
381951.0	279314.0	43050.0	797.0	10935.0	403.0	31422.0	16030.0	2637.0	13393.0
117898.0	112120.0	1609.0	158.0	971.0	31.0	667.0	2342.0	441.0	1901.0
98892.0	83229.0	3496.0	164.0	1949.0	0.0	8379.0	1675.0	401.0	1274.0
2278906.0	848180.0	419389.0	10219.0	588677.0	822.0	325379.0	86240.0	34813.0	51427.0
159442.0	136797.0	10611.0	192.0	4342.0	0.0	1114.0	6386.0	372.0	6014.0
476179.0	347986.0	47098.0	451.0	48714.0	197.0	19649.0	12084.0	2108.0	9976.0
325695.0	233051.0	38958.0	377.0	19660.0	0.0	23189.0	10460.0	2272.0	8188.0
108047.0	99965.0	3066.0	841.0	1028.0	262.0	1470.0	1415.0	140.0	1275.0
230163.0	212657.0	4948.0	554.0	6005.0	0.0	1697.0	4302.0	207.0	4095.0
155350.0	118937.0	15413.0	1502.0	7111.0	220.0	4065.0	8102.0	1377.0	6725.0
95796.0	90696.0	1347.0	37.0	1564.0	0.0	507.0	1645.0	47.0	1598.0
1481093.0	1206349.0	116010.0	5501.0	59485.0	232.0	57155.0	36361.0	6419.0	29942.0
75498.0	61078.0	6663.0	312.0	1321.0	0.0	3860.0	2264.0	75.0	2189.0
102793.0	81512.0	4703.0	196.0	10518.0	0.0	2601.0	3263.0	120.0	3143.0
178599.0	149143.0	10718.0	503.0	3026.0	0.0	5113.0	10096.0	3653.0	6443.0
90064.0	84119.0	2042.0	7.0	640.0	0.0	886.0	2370.0	27.0	2343.0
967612.0	610737.0	143734.0	2677.0	58946.0	223.0	121999.0	29296.0	6461.0	22835.0
166436.0	115202.0	32746.0	409.0	2829.0	190.0	11414.0	3646.0	810.0	2836.0
136744.0	117105.0	14475.0	1221.0	513.0	0.0	1839.0	1591.0	69.0	1522.0
259103.0	230685.0	16083.0	1007.0	2654.0	385.0	2428.0	5861.0	615.0	5246.0
90382.0	77100.0	5663.0	691.0	3257.0	57.0	1582.0	2032.0	65.0	1967.0
211342.0	148835.0	38874.0	116.0	8764.0	189.0	7208.0	7356.0	1519.0	5837.0
82029.0	72577.0	3770.0	0.0	465.0	0.0	2950.0	2267.0	494.0	1773.0
69524.0	62764.0	3291.0	102.0	1092.0	0.0	42.0	2233.0	275.0	1958.0
158652.0	127259.0	13084.0	363.0	6575.0	0.0	7724.0	3647.0	804.0	2843.0
73139.0	58855.0	9046.0	118.0	1222.0	0.0	2656.0	1242.0	168.0	1074.0
97645.0	71358.0	21214.0	240.0	1103.0	133.0	2829.0	768.0	148.0	620.0
102912.0	72552.0	23111.0	226.0	2375.0	463.0	1550.0	2635.0	47.0	2588.0
332330.0	164330.0	123982.0	4251.0	8571.0	1086.0	10049.0	20061.0	678.0	19383.0
166614.0	141780.0	15428.0	275.0	2864.0	0.0	3073.0	3194.0	282.0	2912.0
316739.0	166094.0	113271.0	1101.0	15792.0	0.0	10795.0	9686.0	729.0	8957.0
379099.0	246738.0	99830.0	1305.0	9574.0	1307.0	9610.0	10735.0	1615.0	9120.0
67560.0	44940.0	16790.0	148.0	460.0	0.0	3338.0	1884.0	740.0	1144.0
222846.0	170312.0	37011.0	529.0	3628.0	104.0	4486.0	6776.0	162.0	6614.0
533670.0	291198.0	179585.0	3586.0	27077.0	51.0	16899.0	15274.0	1309.0	13965.0
134214.0	92030.0	25909.0	1224.0	1757.0	624.0	5601.0	7069.0	346.0	6723.0
116748.0	106541.0	4352.0	286.0	1758.0	0.0	1940.0	1871.0	97.0	1774.0
178435.0	144822.0	17120.0	1808.0	4624.0	344.0	2055.0	7662.0	200.0	7462.0
202675.0	155875.0	33049.0	737.0	1159.0	323.0	6674.0	4858.0	208.0	4650.0
1093901.0	573883.0	348940.0	4831.0	68138.0	309.0	68405.0	29395.0	2727.0	26668.0
98682.0	81692.0	10406.0	537.0	1672.0	1407.0	882.0	2086.0	141.0	1945.0
94016.0	48784.0	37190.0	767.0	854.0	86.0	3665.0	2670.0	310.0	2360.0
232274.0	188476.0	32739.0	515.0	3650.0	0.0	2387.0	4507.0	0.0	4507.0
197683.0	146722.0	27738.0	1753.0	3952.0	178.0	3275.0	14065.0	2169.0	11896.0
146027.0	108624.0	16500.0	1799.0	11390.0	0.0	3297.0	4417.0	195.0	4222.0
179914.0	103416.0	62463.0	967.0	3697.0	0.0	5354.0	4017.0	24.0	3993.0
143351.0	121463.0	8133.0	885.0	1805.0	393.0	7063.0	3609.0	434.0	3175.0
131831.0	36109.0	31788.0	53375.0	840.0	0.0	7093.0	2626.0	183.0	2443.0
90690.0	67009.0	16571.0	110.0	387.0	0.0	4139.0	2474.0	108.0	2366.0
141262.0	109184.0	21442.0	381.0	1630.0	86.0	4789.0	3750.0	175.0	3575.0
235908.0	190816.0	27967.0	174.0	7860.0	34.0	3696.0	5361.0	784.0	4577.0
1092305.0	699803.0	220735.0	2466.0	78213.0	331.0	47511.0	43246.0	5621.0	37625.0
123248.0	79135.0	37652.0	22.0	1667.0	95.0	1285.0	3392.0	120.0	3272.0
68557.0	62850.0	3042.0	0.0	225.0	197.0	841.0	1402.0	596.0	806.0
81455.0	40059.0	32253.0	400.0	787.0	0.0	4907.0	3049.0	173.0	2876.0
95273.0	86062.0	2208.0	4210.0	572.0	0.0	602.0	1619.0	44.0	1575.0
181516.0	155954.0	12097.0	2075.0	6669.0	0.0	838.0	3883.0	57.0	3826.0
70770.0	58512.0	3512.0	1975.0	2235.0	107.0	2853.0	1576.0	15.0	1561.0
67744.0	58729.0	2863.0	1268.0	1224.0	167.0	786.0	2707.0	28.0	2679.0
102663.0	84580.0	11915.0	359.0	850.0	0.0	1145.0	3814.0	146.0	3668.0
65818.0	59700.0	1864.0	231.0	1699.0	86.0	111.0	2127.0	41.0	2086.0
67505.0	62729.0	1916.0	107.0	571.0	0.0	177.0	2005.0	225.0	1780.0
382378.0	318592.0	31642.0	781.0	13085.0	0.0	6419.0	11859.0	843.0	11016.0
134585.0	117175.0	11167.0	126.0	726.0	0.0	405.0	4986.0	46.0	4940.0
205466.0	194656.0	2624.0	55.0	2237.0	0.0	737.0	5157.0	436.0	4721.0
1243857.0	778016.0	363507.0	3432.0	38700.0	605.0	15384.0	44213.0	3305.0	40908.0
204826.0	176818.0	6806.0	319.0	12823.0	0.0	1152.0	6908.0	605.0	6303.0
74615.0	63801.0	7328.0	723.0	46.0	25.0	833.0	1859.0	112.0	1747.0
155782.0	135804.0	10941.0	0.0	1983.0	0.0	275.0	6779.0	134.0	6645.0
1310300.0	857827.0	298151.0	3351.0	72084.0	68.0	24186.0	54633.0	3624.0	51009.0
94031.0	91037.0	1211.0	188.0	674.0	0.0	238.0	683.0	0.0	683.0
167995.0	143377.0	13007.0	154.0	4888.0	0.0	690.0	5879.0	261.0	5618.0
816684.0	547335.0	208138.0	909.0	24334.0	1279.0	7520.0	27169.0	503.0	26666.0
75930.0	69877.0	1198.0	0.0	1384.0	0.0	1275.0	2196.0	192.0	2004.0
65767.0	60032.0	3163.0	44.0	1119.0	0.0	390.0	1019.0	0.0	1019.0
230514.0	208276.0	10504.0	133.0	2941.0	147.0	3229.0	5284.0	0.0	5284.0
175769.0	159316.0	7207.0	313.0	3682.0	76.0	1069.0	4106.0	79.0	4027.0
309461.0	265593.0	25734.0	1071.0	3396.0	75.0	3331.0	10261.0	1034.0	9227.0
429899.0	306634.0	80289.0	1367.0	6707.0	457.0	9941.0	24504.0	5443.0	19061.0
229642.0	181135.0	32943.0	604.0	2206.0	37.0	3033.0	9684.0	1241.0	8443.0
65256.0	58259.0	3627.0	239.0	459.0	74.0	358.0	2240.0	118.0	2122.0
179146.0	170228.0	2575.0	104.0	1885.0	0.0	784.0	3570.0	593.0	2977.0
106222.0	99547.0	1402.0	341.0	1846.0	0.0	38.0	3048.0	0.0	3048.0
532331.0	386743.0	108345.0	1576.0	12140.0	414.0	4009.0	19104.0	1289.0	17815.0
86183.0	78837.0	3667.0	157.0	222.0	0.0	89.0	3211.0	121.0	3090.0
162927.0	148176.0	7006.0	0.0	3330.0	45.0	246.0	4124.0	131.0	3993.0
121099.0	105522.0	10266.0	290.0	1033.0	60.0	343.0	3585.0	0.0	3585.0
76931.0	69435.0	4446.0	0.0	512.0	47.0	234.0	2257.0	58.0	2199.0
371574.0	323782.0	27636.0	630.0	3951.0	0.0	4341.0	11234.0	340.0	10894.0
541918.0	422487.0	77677.0	1337.0	20151.0	0.0	4417.0	15849.0	1171.0	14678.0
198627.0	176212.0	16382.0	132.0	1564.0	0.0	201.0	4136.0	155.0	3981.0
232173.0	204965.0	8559.0	443.0	13920.0	0.0	361.0	3925.0	82.0	3843.0
115967.0	110011.0	3167.0	91.0	241.0	0.0	819.0	1638.0	0.0	1638.0
130696.0	119500.0	3594.0	293.0	2210.0	45.0	1506.0	3548.0	373.0	3175.0
144447.0	115278.0	5395.0	5889.0	3883.0	0.0	4458.0	9544.0	2336.0	7208.0
281669.0	215544.0	12952.0	12872.0	13263.0	98.0	8059.0	18881.0	822.0	18059.0
120422.0	75141.0	17707.0	3957.0	2602.0	913.0	4092.0	16010.0	669.0	15341.0
71604.0	55778.0	1429.0	7494.0	465.0	16.0	1291.0	5131.0	159.0	4972.0
68362.0	38846.0	7212.0	12314.0	217.0	0.0	2842.0	6931.0	269.0	6662.0
792582.0	538226.0	118296.0	24568.0	27276.0	711.0	35134.0	48371.0	2463.0	45908.0
82040.0	66152.0	3212.0	2896.0	3324.0	98.0	256.0	6102.0	0.0	6102.0
72679.0	54800.0	2597.0	9342.0	432.0	48.0	503.0	4957.0	62.0	4895.0
91984.0	68566.0	1064.0	12531.0	1611.0	147.0	311.0	7754.0	308.0	7446.0
648360.0	462263.0	66174.0	32715.0	21879.0	186.0	15253.0	49890.0	1876.0	48014.0
80110.0	59612.0	2597.0	7317.0	1357.0	173.0	2053.0	7001.0	233.0	6768.0
92101.0	77312.0	1041.0	933.0	6924.0	190.0	1054.0	4647.0	390.0	4257.0
416075.0	362162.0	3762.0	1903.0	19111.0	1370.0	9703.0	18064.0	2367.0	15697.0
191996.0	179918.0	752.0	1008.0	2668.0	102.0	1796.0	5752.0	306.0	5446.0
110283.0	100815.0	165.0	2149.0	1381.0	3.0	1211.0	4559.0	851.0	3708.0
219564.0	200335.0	2167.0	2877.0	3567.0	699.0	2723.0	7196.0	738.0	6458.0
87393.0	81035.0	330.0	526.0	1103.0	314.0	760.0	3325.0	83.0	3242.0
67653.0	57992.0	511.0	3599.0	613.0	39.0	1706.0	3193.0	498.0	2695.0
379611.0	324162.0	3290.0	3998.0	10779.0	1428.0	14171.0	21783.0	3102.0	18681.0
127335.0	110981.0	858.0	716.0	1116.0	0.0	6484.0	7180.0	1165.0	6015.0
346868.0	272176.0	5299.0	3000.0	7366.0	3638.0	37873.0	17516.0	4425.0	13091.0
811880.0	636383.0	45483.0	7906.0	64309.0	5500.0	11192.0	41107.0	3474.0	37633.0
85234.0	72667.0	209.0	3106.0	1509.0	128.0	4282.0	3333.0	656.0	2677.0
77516.0	66943.0	763.0	2750.0	982.0	125.0	3904.0	2049.0	99.0	1950.0
597695.0	452678.0	14670.0	3139.0	62998.0	3106.0	28941.0	32163.0	5017.0	27146.0
107002.0	95193.0	260.0	1271.0	1442.0	1279.0	3691.0	3866.0	356.0	3510.0
102811.0	96606.0	1281.0	359.0	770.0	0.0	1753.0	2042.0	0.0	2042.0
1218452.0	971262.0	157323.0	1466.0	48655.0	157.0	5991.0	33598.0	2154.0	31444.0
164742.0	148316.0	8680.0	413.0	1034.0	25.0	848.0	5426.0	234.0	5192.0
420152.0	349164.0	21274.0	384.0	6085.0	0.0	30031.0	13214.0	3157.0	10057.0
628195.0	546729.0	24896.0	340.0	31672.0	638.0	9253.0	14667.0	2637.0	12030.0
187888.0	179306.0	2167.0	0.0	3032.0	0.0	601.0	2782.0	180.0	2602.0
131730.0	123050.0	4361.0	130.0	444.0	137.0	618.0	2990.0	21.0	2969.0
162805.0	142490.0	6076.0	63.0	11373.0	0.0	911.0	1892.0	42.0	1850.0
522046.0	441393.0	31220.0	262.0	29646.0	0.0	7314.0	12211.0	606.0	11605.0
79388.0	74891.0	1896.0	263.0	362.0	0.0	238.0	1738.0	169.0	1569.0
65456.0	61574.0	1265.0	56.0	782.0	137.0	1163.0	479.0	0.0	479.0
85063.0	81136.0	870.0	69.0	344.0	0.0	189.0	2455.0	289.0	2166.0
251423.0	218641.0	9372.0	386.0	11174.0	114.0	3049.0	8687.0	881.0	7806.0
277097.0	192416.0	57569.0	656.0	12593.0	239.0	5404.0	8220.0	976.0	7244.0
564751.0	387267.0	125853.0	1655.0	31189.0	0.0	3743.0	15044.0	636.0	14408.0
272061.0	234857.0	20597.0	946.0	4909.0	63.0	3421.0	7268.0	449.0	6819.0
130441.0	120140.0	5484.0	182.0	611.0	0.0	642.0	3382.0	0.0	3382.0
154835.0	143190.0	4897.0	66.0	671.0	0.0	596.0	5415.0	747.0	4668.0
84501.0	80084.0	1433.0	41.0	847.0	37.0	247.0	1812.0	49.0	1763.0
210793.0	190838.0	4518.0	64.0	6020.0	42.0	2572.0	6739.0	628.0	6111.0
543557.0	476288.0	24117.0	1484.0	12368.0	222.0	16636.0	12442.0	951.0	11491.0
86184.0	80253.0	3724.0	145.0	368.0	0.0	3.0	1691.0	54.0	1637.0
141314.0	121786.0	4366.0	47.0	2126.0	0.0	10985.0	2004.0	840.0	1164.0
368100.0	289058.0	26790.0	1387.0	13064.0	30.0	22793.0	14978.0	2175.0	12803.0
317646.0	277736.0	15225.0	585.0	4248.0	360.0	12564.0	6928.0	656.0	6272.0
113664.0	104565.0	4872.0	292.0	858.0	100.0	499.0	2478.0	184.0	2294.0
110683.0	100638.0	6307.0	189.0	943.0	0.0	442.0	2164.0	63.0	2101.0
169507.0	128299.0	26984.0	73.0	4333.0	60.0	4592.0	5166.0	1067.0	4099.0
828604.0	650976.0	75819.0	627.0	65612.0	299.0	12816.0	22455.0	2458.0	19997.0
304807.0	258795.0	17588.0	730.0	8998.0	932.0	7789.0	9975.0	1138.0	8837.0
91083.0	85247.0	2570.0	0.0	321.0	0.0	1246.0	1699.0	20.0	1679.0
1584138.0	623482.0	657756.0	4326.0	116907.0	582.0	122538.0	58547.0	13575.0	44972.0
142067.0	132576.0	5390.0	373.0	714.0	0.0	1258.0	1756.0	198.0	1558.0
73952.0	70202.0	1944.0	39.0	200.0	0.0	362.0	1205.0	98.0	1107.0
207346.0	194060.0	7066.0	0.0	2308.0	49.0	180.0	3683.0	32.0	3651.0
350611.0	331653.0	9092.0	198.0	3558.0	148.0	1040.0	4922.0	180.0	4742.0
448273.0	393886.0	24439.0	979.0	7293.0	271.0	7646.0	13759.0	716.0	13043.0
163861.0	149942.0	3268.0	1112.0	4667.0	0.0	2179.0	2693.0	207.0	2486.0
82542.0	73500.0	3086.0	618.0	937.0	686.0	997.0	2718.0	0.0	2718.0
636084.0	467713.0	63073.0	2124.0	26537.0	197.0	53731.0	22709.0	5195.0	17514.0
126179.0	115675.0	1020.0	398.0	2491.0	0.0	2753.0	3842.0	4.0	3838.0
169401.0	120302.0	43943.0	313.0	1527.0	0.0	776.0	2540.0	485.0	2055.0
200482.0	158917.0	29898.0	79.0	1131.0	132.0	3062.0	7263.0	177.0	7086.0
188715.0	139511.0	33104.0	682.0	2194.0	248.0	8906.0	4070.0	479.0	3591.0
221091.0	146659.0	52921.0	1098.0	4567.0	594.0	7098.0	8154.0	1189.0	6965.0
405905.0	279489.0	107456.0	982.0	6957.0	0.0	3845.0	7176.0	26.0	7150.0
160647.0	107363.0	40410.0	102.0	2639.0	492.0	3098.0	6543.0	2102.0	4441.0
138159.0	71932.0	58588.0	726.0	1678.0	96.0	1890.0	3249.0	725.0	2524.0
514213.0	372739.0	90346.0	6399.0	13396.0	1230.0	17151.0	12952.0	2883.0	10069.0
70741.0	44542.0	23677.0	0.0	467.0	0.0	896.0	1159.0	811.0	348.0
344147.0	282431.0	45995.0	3258.0	5131.0	0.0	2979.0	4353.0	682.0	3671.0
65592.0	46476.0	15034.0	85.0	45.0	0.0	1155.0	2797.0	392.0	2405.0
95380.0	70577.0	18752.0	603.0	1498.0	0.0	638.0	3312.0	137.0	3175.0
66994.0	47281.0	15673.0	180.0	328.0	11.0	1632.0	1889.0	0.0	1889.0
295032.0	231299.0	44125.0	853.0	5810.0	81.0	5193.0	7671.0	906.0	6765.0
78374.0	68956.0	5423.0	139.0	583.0	88.0	426.0	2759.0	0.0	2759.0
86934.0	30177.0	52599.0	476.0	729.0	478.0	338.0	2137.0	74.0	2063.0
124937.0	110422.0	9139.0	186.0	2638.0	0.0	1032.0	1520.0	153.0	1367.0
414576.0	183495.0	192288.0	986.0	12487.0	384.0	8803.0	16133.0	798.0	15335.0
313888.0	230310.0	63608.0	620.0	6695.0	84.0	4464.0	8107.0	637.0	7470.0
106512.0	48223.0	52663.0	0.0	1588.0	0.0	767.0	3271.0	562.0	2709.0
274118.0	202740.0	53194.0	1833.0	6503.0	86.0	4584.0	5178.0	664.0	4514.0
192876.0	164076.0	12368.0	4251.0	5248.0	0.0	1414.0	5519.0	129.0	5390.0
111729.0	92421.0	1537.0	10645.0	1506.0	39.0	371.0	5210.0	94.0	5116.0
76482.0	69820.0	2842.0	636.0	661.0	0.0	418.0	2105.0	228.0	1877.0
131349.0	122926.0	3551.0	228.0	775.0	0.0	547.0	3322.0	148.0	3174.0
106727.0	93618.0	5119.0	39.0	840.0	0.0	3359.0	3752.0	79.0	3673.0
692587.0	436621.0	187929.0	927.0	25440.0	852.0	24049.0	16769.0	2037.0	14732.0
364286.0	274604.0	67960.0	699.0	7632.0	785.0	2840.0	9766.0	258.0	9508.0
465289.0	397193.0	40800.0	1379.0	10020.0	0.0	5216.0	10681.0	215.0	10466.0
97605.0	55310.0	36987.0	80.0	1094.0	0.0	2621.0	1513.0	39.0	1474.0
94340.0	78694.0	11440.0	311.0	697.0	0.0	831.0	2367.0	371.0	1996.0
205950.0	142322.0	43001.0	1577.0	4967.0	1072.0	4659.0	8352.0	595.0	7757.0
78843.0	72509.0	1905.0	440.0	892.0	0.0	1962.0	1135.0	0.0	1135.0
71012.0	61235.0	5182.0	59.0	504.0	0.0	1732.0	2300.0	372.0	1928.0
324890.0	245749.0	49658.0	1505.0	11120.0	0.0	6589.0	10269.0	1496.0	8773.0
97892.0	95845.0	152.0	113.0	337.0	0.0	555.0	890.0	0.0	890.0
935764.0	367604.0	505484.0	1502.0	24879.0	74.0	21468.0	14753.0	484.0	14269.0
157668.0	148064.0	3701.0	200.0	1060.0	25.0	1078.0	3540.0	0.0	3540.0
187149.0	161546.0	13152.0	665.0	2434.0	494.0	3345.0	5513.0	951.0	4562.0
128607.0	116745.0	4998.0	291.0	2335.0	0.0	1355.0	2883.0	206.0	2677.0
231729.0	204326.0	10219.0	1245.0	9958.0	0.0	427.0	5554.0	571.0	4983.0
140625.0	123075.0	10039.0	86.0	1079.0	0.0	1993.0	4353.0	335.0	4018.0
87092.0	69167.0	12912.0	1493.0	1049.0	0.0	1735.0	736.0	74.0	662.0
86976.0	55858.0	7028.0	118.0	772.0	0.0	21470.0	1730.0	493.0	1237.0
355642.0	222838.0	93615.0	2333.0	9396.0	1549.0	7375.0	18536.0	1932.0	16604.0
1986049.0	1603079.0	153706.0	13710.0	61139.0	1017.0	88755.0	64643.0	16060.0	48583.0
94324.0	64329.0	23985.0	1090.0	1323.0	0.0	2034.0	1563.0	332.0	1231.0
370200.0	257444.0	54959.0	1721.0	26291.0	211.0	22220.0	7354.0	3272.0	4082.0
226758.0	178038.0	24515.0	248.0	14767.0	0.0	3564.0	5626.0	579.0	5047.0
423908.0	402981.0	2917.0	535.0	3630.0	166.0	11441.0	2238.0	870.0	1368.0
1005146.0	681648.0	101248.0	4647.0	160058.0	154.0	26583.0	30808.0	4135.0	26673.0
148373.0	137396.0	2897.0	407.0	939.0	0.0	2159.0	4575.0	196.0	4379.0
74808.0	53881.0	11903.0	318.0	1560.0	96.0	795.0	6255.0	63.0	6192.0
2637772.0	1597748.0	601408.0	12699.0	168061.0	919.0	196482.0	60455.0	12160.0	48295.0
859064.0	631974.0	87572.0	4402.0	79674.0	986.0	21269.0	33187.0	8383.0	24804.0
162124.0	125268.0	8257.0	925.0	2276.0	109.0	21130.0	4159.0	1929.0	2230.0
179436.0	146090.0	19602.0	2394.0	1198.0	46.0	3322.0	6784.0	1610.0	5174.0
840758.0	656680.0	25580.0	3447.0	10895.0	1246.0	117083.0	25827.0	7681.0	18146.0
787858.0	409247.0	163689.0	1341.0	164125.0	43.0	29117.0	20296.0	6608.0	13688.0
337890.0	265058.0	42102.0	906.0	10986.0	1037.0	6364.0	11437.0	1556.0	9881.0
133991.0	114158.0	7629.0	1168.0	2366.0	0.0	2667.0	6003.0	506.0	5497.0
123707.0	93250.0	25568.0	275.0	1525.0	363.0	549.0	2177.0	257.0	1920.0
163694.0	130959.0	15258.0	440.0	2842.0	9.0	9571.0	4615.0	539.0	4076.0
4698619.0	2868885.0	901166.0	21230.0	331452.0	3511.0	461642.0	110733.0	22304.0	88429.0
222631.0	196770.0	8461.0	688.0	3552.0	0.0	5723.0	7437.0	1365.0	6072.0
82299.0	74444.0	5237.0	13.0	440.0	0.0	348.0	1817.0	22.0	1795.0
865939.0	751719.0	4285.0	1514.0	8735.0	0.0	88329.0	11357.0	9624.0	1733.0
96493.0	77998.0	8376.0	1622.0	1556.0	0.0	6300.0	641.0	0.0	641.0
255001.0	148260.0	84690.0	799.0	10081.0	0.0	5858.0	5313.0	831.0	4482.0
171361.0	154440.0	6372.0	436.0	2039.0	0.0	4255.0	3819.0	198.0	3621.0
128622.0	105024.0	15867.0	382.0	1800.0	198.0	1581.0	3770.0	734.0	3036.0
86323.0	66810.0	9386.0	533.0	164.0	23.0	8752.0	655.0	0.0	655.0
307412.0	249837.0	21991.0	2704.0	7174.0	531.0	15423.0	9752.0	1360.0	8392.0
254607.0	202647.0	37263.0	797.0	4501.0	28.0	4181.0	5190.0	533.0	4657.0
172578.0	142376.0	13430.0	3069.0	3415.0	182.0	5239.0	4867.0	2005.0	2862.0
590925.0	508494.0	30101.0	2222.0	18352.0	229.0	15662.0	15865.0	3197.0	12668.0
65711.0	49757.0	11019.0	498.0	1019.0	71.0	1670.0	1677.0	182.0	1495.0
362265.0	327726.0	13856.0	1243.0	7916.0	359.0	6950.0	4215.0	825.0	3390.0
83572.0	72848.0	7777.0	140.0	1102.0	0.0	502.0	1203.0	0.0	1203.0
138371.0	129550.0	2231.0	1662.0	1063.0	227.0	518.0	3120.0	963.0	2157.0
119648.0	92101.0	12544.0	1412.0	7117.0	175.0	3515.0	2784.0	488.0	2296.0
136271.0	123349.0	4097.0	612.0	2382.0	578.0	1852.0	3401.0	672.0	2729.0
100657.0	84966.0	6688.0	455.0	2115.0	0.0	3092.0	3341.0	901.0	2440.0
66893.0	61983.0	1093.0	0.0	521.0	223.0	1865.0	1208.0	225.0	983.0
230221.0	176394.0	39113.0	1010.0	4321.0	227.0	3640.0	5516.0	661.0	4855.0
2084931.0	1364270.0	346559.0	15792.0	116257.0	3301.0	166276.0	72476.0	11007.0	61469.0
137640.0	103087.0	11063.0	610.0	3726.0	27.0	15178.0	3949.0	844.0	3105.0
118189.0	105457.0	4564.0	534.0	1917.0	7.0	3623.0	2087.0	102.0	1985.0
1248743.0	890260.0	104157.0	11372.0	87182.0	422.0	109479.0	45871.0	6100.0	39771.0
92035.0	80205.0	5534.0	167.0	1285.0	24.0	1694.0	3126.0	277.0	2849.0
275910.0	265995.0	1606.0	116.0	1591.0	0.0	5124.0	1478.0	600.0	878.0
132064.0	103422.0	14383.0	1287.0	3261.0	0.0	5592.0	4119.0	566.0	3553.0
566719.0	448811.0	37637.0	1030.0	39003.0	642.0	13828.0	25768.0	3284.0	22484.0
68305.0	62215.0	1686.0	325.0	31.0	65.0	2743.0	1240.0	193.0	1047.0
127068.0	115743.0	991.0	552.0	2872.0	541.0	3388.0	2981.0	267.0	2714.0
351713.0	321081.0	5418.0	1583.0	6322.0	2413.0	3420.0	11476.0	2185.0	9291.0
1152633.0	888588.0	23220.0	9747.0	48833.0	17161.0	121533.0	43551.0	9539.0	34012.0
69907.0	61202.0	145.0	924.0	852.0	0.0	4039.0	2745.0	1431.0	1314.0
622213.0	566165.0	3569.0	2898.0	9186.0	6221.0	13557.0	20617.0	1630.0	18987.0
171700.0	157786.0	1160.0	2589.0	1926.0	921.0	4369.0	2949.0	471.0	2478.0
256359.0	229351.0	2960.0	1509.0	2481.0	1083.0	9073.0	9902.0	1121.0	8781.0
164572.0	147841.0	3539.0	232.0	8030.0	0.0	888.0	4042.0	69.0	3973.0
108718.0	89521.0	10359.0	515.0	5990.0	0.0	120.0	2213.0	0.0	2213.0
237521.0	165900.0	21345.0	1341.0	23125.0	717.0	13270.0	11823.0	1450.0	10373.0
348556.0	233945.0	82884.0	1369.0	11713.0	0.0	7842.0	10803.0	1044.0	9759.0
1150795.0	703152.0	111976.0	2220.0	221662.0	1169.0	49575.0	61041.0	5211.0	55830.0
70675.0	60157.0	4621.0	380.0	1236.0	53.0	599.0	3629.0	141.0	3488.0
88355.0	79864.0	4033.0	0.0	1653.0	165.0	678.0	1962.0	313.0	1649.0
107239.0	92553.0	9340.0	388.0	2344.0	199.0	442.0	1973.0	37.0	1936.0
329261.0	184523.0	94961.0	701.0	28428.0	0.0	6703.0	13945.0	747.0	13198.0
76397.0	60918.0	11236.0	0.0	1669.0	63.0	334.0	2177.0	125.0	2052.0
406850.0	257087.0	28674.0	1118.0	77374.0	301.0	17686.0	24610.0	4171.0	20439.0
98985.0	84925.0	4448.0	365.0	7318.0	70.0	723.0	1136.0	118.0	1018.0
468011.0	273188.0	97459.0	1695.0	38547.0	178.0	27440.0	29504.0	3962.0	25542.0
94073.0	81789.0	4465.0	62.0	2307.0	116.0	0.0	5334.0	1886.0	3448.0
81244.0	77185.0	2100.0	0.0	413.0	0.0	486.0	1060.0	0.0	1060.0
134238.0	96410.0	23160.0	279.0	3113.0	67.0	4582.0	6627.0	1589.0	5038.0
149960.0	97976.0	26907.0	245.0	5958.0	0.0	10807.0	8067.0	627.0	7440.0
67846.0	50229.0	9384.0	74.0	3184.0	0.0	748.0	4227.0	523.0	3704.0
160530.0	100922.0	36569.0	0.0	9090.0	82.0	5175.0	8692.0	1095.0	7597.0
242634.0	146670.0	72849.0	212.0	9053.0	128.0	4698.0	9024.0	313.0	8711.0
134313.0	55091.0	67768.0	317.0	2668.0	237.0	1958.0	6274.0	577.0	5697.0
82126.0	52897.0	23311.0	277.0	1889.0	0.0	1512.0	2240.0	201.0	2039.0
178626.0	85037.0	75446.0	126.0	6400.0	381.0	3846.0	7390.0	877.0	6513.0
244076.0	113964.0	98688.0	614.0	9250.0	211.0	8344.0	13005.0	1562.0	11443.0
94632.0	37625.0	47317.0	1554.0	1429.0	0.0	2036.0	4671.0	0.0	4671.0
228783.0	108092.0	106543.0	236.0	5502.0	0.0	1806.0	6604.0	501.0	6103.0
99920.0	61938.0	29378.0	162.0	3048.0	0.0	906.0	4488.0	423.0	4065.0
91185.0	46485.0	37311.0	174.0	1952.0	0.0	1196.0	4067.0	839.0	3228.0
450189.0	296395.0	86768.0	1861.0	32129.0	143.0	10599.0	22294.0	1072.0	21222.0
201877.0	166821.0	3534.0	848.0	5970.0	199.0	17076.0	7429.0	654.0	6775.0
77036.0	57505.0	228.0	462.0	1100.0	142.0	14189.0	3410.0	1117.0	2293.0
76737.0	67645.0	965.0	3491.0	1516.0	6.0	189.0	2925.0	146.0	2779.0
481857.0	406807.0	7651.0	3933.0	20836.0	4700.0	11454.0	26476.0	2067.0	24409.0
108987.0	95325.0	714.0	3164.0	1376.0	278.0	2429.0	5701.0	672.0	5029.0
94347.0	65677.0	2772.0	1747.0	3043.0	74.0	14170.0	6864.0	2099.0	4765.0
97331.0	67489.0	1036.0	1189.0	1161.0	41.0	23295.0	3120.0	1321.0	1799.0
73901.0	65300.0	1120.0	2922.0	597.0	154.0	446.0	3362.0	120.0	3242.0
84460.0	71787.0	1717.0	379.0	3551.0	254.0	1283.0	5489.0	863.0	4626.0
2233163.0	1408383.0	150183.0	14104.0	399090.0	17348.0	98452.0	145603.0	13992.0	131611.0
269805.0	215234.0	6585.0	2314.0	13575.0	2739.0	7083.0	22275.0	1608.0	20667.0
79604.0	70849.0	267.0	355.0	435.0	186.0	1743.0	5769.0	770.0	4999.0
65507.0	52999.0	815.0	1130.0	878.0	384.0	4863.0	4438.0	1221.0	3217.0
891299.0	652387.0	59853.0	11197.0	59986.0	13730.0	20405.0	73741.0	4729.0	69012.0
128206.0	102150.0	972.0	3225.0	3195.0	115.0	14598.0	3951.0	551.0	3400.0
814901.0	609055.0	26594.0	6849.0	94095.0	4557.0	23095.0	50656.0	7001.0	43655.0
514631.0	447999.0	8884.0	7317.0	11786.0	3143.0	10502.0	25000.0	2390.0	22610.0
286419.0	230886.0	8869.0	3392.0	17362.0	2640.0	5630.0	17640.0	738.0	16902.0
225685.0	188397.0	2215.0	6013.0	10285.0	324.0	7995.0	10456.0	743.0	9713.0
251446.0	189035.0	3286.0	10696.0	2601.0	241.0	36258.0	9329.0	2508.0	6821.0
117123.0	101836.0	8757.0	0.0	771.0	0.0	1590.0	4169.0	74.0	4095.0
93224.0	84076.0	4272.0	330.0	974.0	24.0	735.0	2813.0	434.0	2379.0
180454.0	159612.0	13481.0	663.0	2130.0	0.0	363.0	4205.0	70.0	4135.0
106420.0	94993.0	3870.0	188.0	3553.0	0.0	324.0	3492.0	104.0	3388.0
263378.0	227653.0	7080.0	5931.0	8374.0	259.0	4956.0	9125.0	744.0	8381.0
542364.0	455648.0	28565.0	2407.0	31998.0	169.0	4375.0	19202.0	2165.0	17037.0
87847.0	81092.0	2812.0	292.0	789.0	39.0	1754.0	1069.0	111.0	958.0
104534.0	95986.0	661.0	58.0	5320.0	0.0	119.0	2390.0	308.0	2082.0
103066.0	97095.0	2801.0	442.0	298.0	0.0	177.0	2253.0	0.0	2253.0
85129.0	79602.0	807.0	37.0	763.0	0.0	1931.0	1989.0	705.0	1284.0
169290.0	144923.0	11929.0	414.0	3174.0	83.0	2948.0	5819.0	648.0	5171.0
118230.0	107165.0	2283.0	457.0	5264.0	0.0	1045.0	2016.0	0.0	2016.0
79074.0	74237.0	996.0	430.0	2187.0	0.0	106.0	1118.0	143.0	975.0
135428.0	121953.0	841.0	183.0	8053.0	115.0	1110.0	3173.0	271.0	2902.0
948201.0	550740.0	248555.0	4695.0	41949.0	290.0	65494.0	36478.0	5264.0	31214.0
187365.0	168165.0	3565.0	3220.0	5624.0	0.0	2956.0	3835.0	693.0	3142.0
89147.0	82676.0	1100.0	221.0	1857.0	84.0	1013.0	2196.0	242.0	1954.0
70942.0	65360.0	377.0	209.0	2338.0	41.0	1582.0	1035.0	0.0	1035.0
196584.0	161492.0	23401.0	541.0	2756.0	131.0	3525.0	4738.0	811.0	3927.0
163129.0	140071.0	6476.0	637.0	2059.0	25.0	7946.0	5915.0	263.0	5652.0
89694.0	85019.0	274.0	209.0	937.0	0.0	876.0	2379.0	146.0	2233.0
115456.0	102997.0	2533.0	655.0	6745.0	0.0	795.0	1731.0	10.0	1721.0
103718.0	96669.0	606.0	165.0	1041.0	0.0	2247.0	2990.0	40.0	2950.0
135693.0	127836.0	1803.0	379.0	1890.0	81.0	1331.0	2373.0	850.0	1523.0
403072.0	370951.0	6914.0	889.0	15919.0	103.0	1994.0	6302.0	402.0	5900.0
171020.0	156662.0	3742.0	966.0	4991.0	0.0	813.0	3846.0	209.0	3637.0
73055.0	68932.0	778.0	573.0	535.0	10.0	422.0	1805.0	9.0	1796.0
98976.0	90038.0	2005.0	686.0	1611.0	60.0	1178.0	3398.0	176.0	3222.0
79115.0	74527.0	64.0	1363.0	131.0	742.0	364.0	1924.0	148.0	1776.0
