190790.0	164641.0	16807.0	989.0	1494.0	0.0	1923.0	4936.0	410.0	4526.0
117296.0	88621.0	25058.0	406.0	911.0	0.0	542.0	1758.0	102.0	1656.0
80440.0	77576.0	923.0	88.0	425.0	46.0	214.0	1168.0	0.0	1168.0
71080.0	66799.0	546.0	346.0	210.0	0.0	1726.0	1453.0	18.0	1435.0
80629.0	61181.0	16880.0	301.0	347.0	0.0	406.0	1514.0	75.0	1439.0
104392.0	84874.0	15667.0	605.0	757.0	0.0	800.0	1689.0	0.0	1689.0
103402.0	72596.0	27353.0	229.0	869.0	0.0	662.0	1693.0	79.0	1614.0
660009.0	351439.0	281191.0	1197.0	10345.0	186.0	9027.0	6624.0	240.0	6384.0
92542.0	80685.0	9214.0	530.0	236.0	0.0	64.0	1813.0	465.0	1348.0
147257.0	103408.0	33585.0	479.0	4008.0	310.0	3385.0	2082.0	0.0	2082.0
87654.0	70756.0	10919.0	591.0	1087.0	0.0	2780.0	1521.0	172.0	1349.0
343080.0	237507.0	84100.0	2583.0	7601.0	253.0	1894.0	9142.0	188.0	8954.0
94776.0	85900.0	1981.0	388.0	571.0	0.0	4669.0	1267.0	207.0	1060.0
413936.0	250701.0	145353.0	3490.0	8242.0	44.0	972.0	5134.0	525.0	4609.0
230149.0	91036.0	127199.0	148.0	5170.0	96.0	3228.0	3272.0	712.0	2560.0
120395.0	99002.0	14227.0	1216.0	596.0	0.0	2130.0	3224.0	175.0	3049.0
85237.0	74768.0	7808.0	704.0	543.0	0.0	859.0	555.0	0.0	555.0
200941.0	163056.0	22456.0	672.0	4458.0	74.0	7474.0	2751.0	584.0	2167.0
81762.0	52484.0	27837.0	289.0	135.0	0.0	253.0	764.0	246.0	518.0
198596.0	133122.0	60393.0	368.0	2952.0	52.0	261.0	1448.0	199.0	1249.0
298610.0	196090.0	18866.0	19165.0	27691.0	5977.0	4087.0	26734.0	1324.0	25410.0
100272.0	77771.0	4865.0	6443.0	2454.0	476.0	487.0	7776.0	139.0	7637.0
93925.0	80020.0	932.0	5224.0	1314.0	137.0	250.0	6048.0	72.0	5976.0
73195.0	16846.0	245.0	53160.0	394.0	105.0	1081.0	1364.0	129.0	1235.0
132088.0	101432.0	6352.0	1273.0	1922.0	49.0	13568.0	7492.0	2056.0	5436.0
136011.0	86250.0	2439.0	36848.0	2057.0	220.0	3753.0	4444.0	1736.0	2708.0
3942169.0	3172111.0	210034.0	73790.0	145155.0	7655.0	224339.0	109085.0	21757.0	87328.0
203334.0	174551.0	2385.0	2228.0	2244.0	364.0	11769.0	9793.0	1738.0	8055.0
107094.0	50237.0	847.0	46952.0	174.0	216.0	6149.0	2519.0	491.0	2028.0
992394.0	770541.0	38493.0	30129.0	26525.0	1189.0	90043.0	35474.0	8417.0	27057.0
387365.0	309024.0	18388.0	23437.0	6859.0	588.0	21445.0	7624.0	2086.0	5538.0
212637.0	194738.0	1425.0	4319.0	1974.0	0.0	6278.0	3903.0	376.0	3527.0
200022.0	152891.0	4053.0	2003.0	2506.0	1443.0	33089.0	4037.0	1452.0	2585.0
232268.0	206022.0	2820.0	3222.0	7381.0	195.0	5271.0	7357.0	798.0	6559.0
99735.0	82263.0	13844.0	191.0	1337.0	0.0	884.0	1216.0	134.0	1082.0
118704.0	100880.0	13067.0	587.0	1872.0	46.0	637.0	1615.0	140.0	1475.0
96903.0	81647.0	8270.0	556.0	835.0	0.0	4085.0	1510.0	0.0	1510.0
74723.0	31047.0	41544.0	34.0	594.0	0.0	199.0	1305.0	400.0	905.0
388953.0	231887.0	138962.0	1509.0	8787.0	0.0	1459.0	6349.0	188.0	6161.0
111845.0	101653.0	6237.0	187.0	985.0	0.0	1055.0	1728.0	62.0	1666.0
127304.0	104655.0	7712.0	2175.0	5710.0	238.0	1875.0	4939.0	332.0	4607.0
211411.0	164100.0	7639.0	1770.0	5314.0	4638.0	23132.0	4818.0	305.0	4513.0
1554720.0	708878.0	184261.0	10634.0	415463.0	14201.0	122901.0	98382.0	19425.0	78957.0
221539.0	188102.0	3425.0	1892.0	10111.0	153.0	4273.0	13583.0	1625.0	11958.0
1079597.0	678464.0	97624.0	6624.0	159292.0	5336.0	70178.0	62079.0	8836.0	53243.0
180561.0	155511.0	1370.0	991.0	8152.0	0.0	8359.0	6178.0	696.0	5482.0
947895.0	527535.0	49545.0	10638.0	93292.0	1304.0	226954.0	38627.0	16406.0	22221.0
134827.0	111133.0	2240.0	6935.0	3904.0	412.0	2737.0	7466.0	1391.0	6075.0
176948.0	142527.0	5365.0	1100.0	2268.0	467.0	18783.0	6438.0	3417.0	3021.0
856158.0	612061.0	47122.0	12047.0	40221.0	1679.0	116262.0	26766.0	7953.0	18813.0
151364.0	105685.0	9792.0	1330.0	6110.0	44.0	21873.0	6530.0	1841.0	4689.0
63983.0	51772.0	1683.0	1570.0	838.0	514.0	5394.0	2212.0	329.0	1883.0
9962789.0	5321307.0	832875.0	44987.0	1384775.0	24486.0	1960300.0	394059.0	109326.0	284733.0
152218.0	122012.0	6016.0	2936.0	3247.0	165.0	12876.0	4966.0	1677.0	3289.0
256069.0	205171.0	5897.0	1044.0	15555.0	261.0	17383.0	10758.0	2632.0	8126.0
87428.0	72850.0	446.0	2976.0	1839.0	322.0	5130.0	3865.0	617.0	3248.0
262305.0	157661.0	9337.0	2839.0	20014.0	1016.0	60222.0	11216.0	3420.0	7796.0
426762.0	313397.0	12120.0	2304.0	27707.0	1967.0	53409.0	15858.0	4400.0	11458.0
139045.0	105822.0	2988.0	776.0	10625.0	170.0	14631.0	4033.0	1451.0	2582.0
98292.0	91658.0	279.0	1056.0	1316.0	50.0	565.0	3368.0	589.0	2779.0
3090132.0	1974285.0	46639.0	10899.0	575713.0	9490.0	357608.0	115498.0	29587.0	85911.0
361682.0	304087.0	3967.0	1887.0	23918.0	199.0	12037.0	15587.0	1847.0	13740.0
2268783.0	1489846.0	140875.0	22967.0	133076.0	7005.0	381561.0	93453.0	24733.0	68720.0
1450121.0	862619.0	145843.0	12869.0	217477.0	15183.0	103502.0	92628.0	13008.0	79620.0
2081313.0	1302587.0	185086.0	22260.0	136597.0	7259.0	342936.0	84588.0	23717.0	60871.0
3177063.0	2237694.0	163368.0	26541.0	364545.0	15737.0	224477.0	144701.0	28772.0	115929.0
825863.0	409803.0	46406.0	2640.0	274340.0	3381.0	50114.0	39179.0	5262.0	33917.0
702612.0	395346.0	50103.0	5158.0	100563.0	4031.0	91540.0	55871.0	8923.0	46948.0
274804.0	229174.0	4894.0	2495.0	11025.0	76.0	16406.0	10734.0	1226.0	9508.0
739311.0	422116.0	19849.0	2542.0	192094.0	10044.0	61989.0	30677.0	5766.0	24911.0
431249.0	320505.0	9676.0	4612.0	22024.0	1055.0	56710.0	16667.0	5297.0	11370.0
1837504.0	922367.0	49013.0	9597.0	608358.0	7015.0	162851.0	78303.0	17415.0	60888.0
266776.0	221730.0	3020.0	1952.0	10991.0	521.0	16308.0	12254.0	2534.0	9720.0
178586.0	155477.0	2059.0	6495.0	4891.0	0.0	3397.0	6267.0	418.0	5849.0
420757.0	227816.0	55648.0	2055.0	64570.0	3944.0	36095.0	30629.0	4741.0	25888.0
491829.0	376599.0	8402.0	5481.0	19808.0	1763.0	60431.0	19345.0	3424.0	15921.0
521726.0	395749.0	14118.0	3515.0	27678.0	3884.0	54101.0	22681.0	5333.0	17348.0
95022.0	66209.0	1412.0	1600.0	13962.0	51.0	6248.0	5540.0	919.0	4621.0
451977.0	364336.0	7047.0	5098.0	15248.0	513.0	41034.0	18701.0	4975.0	13726.0
835981.0	651545.0	16535.0	4214.0	56835.0	1430.0	68418.0	37004.0	11126.0	25878.0
204118.0	136360.0	5129.0	1806.0	28186.0	640.0	20778.0	11219.0	2640.0	8579.0
72926.0	51871.0	2402.0	744.0	5582.0	273.0	6379.0	5675.0	2317.0	3358.0
459598.0	380017.0	14776.0	3540.0	16944.0	406.0	27086.0	16829.0	3148.0	13681.0
595546.0	445459.0	61781.0	4689.0	31856.0	1177.0	23048.0	27536.0	10160.0	17376.0
305318.0	270200.0	3354.0	1174.0	14208.0	19.0	9585.0	6778.0	434.0	6344.0
634265.0	479745.0	64566.0	5941.0	21689.0	464.0	39761.0	22099.0	6071.0	16028.0
298215.0	271346.0	3688.0	858.0	12212.0	153.0	3277.0	6681.0	1268.0	5413.0
644964.0	527453.0	41251.0	3980.0	16719.0	1362.0	22170.0	32029.0	2920.0	29109.0
545358.0	495398.0	6650.0	5189.0	13596.0	69.0	9343.0	15113.0	2741.0	12372.0
310487.0	281231.0	2963.0	1278.0	5803.0	373.0	7906.0	10933.0	2040.0	8893.0
147848.0	136439.0	920.0	1598.0	766.0	196.0	3447.0	4482.0	735.0	3747.0
160852.0	128522.0	3280.0	2869.0	744.0	95.0	17550.0	7792.0	4037.0	3755.0
263691.0	222649.0	2771.0	2589.0	3897.0	35.0	25031.0	6719.0	2257.0	4462.0
933835.0	693587.0	105247.0	2372.0	47022.0	315.0	61074.0	24218.0	7014.0	17204.0
897259.0	664870.0	117870.0	2918.0	40195.0	1759.0	40985.0	28662.0	6206.0	22456.0
187530.0	176068.0	1976.0	453.0	3687.0	0.0	2019.0	3327.0	455.0	2872.0
165602.0	147849.0	9375.0	289.0	4796.0	34.0	904.0	2355.0	319.0	2036.0
862813.0	651410.0	110151.0	3566.0	32054.0	111.0	46060.0	19461.0	5116.0	14345.0
274170.0	226256.0	14932.0	1499.0	12555.0	42.0	8864.0	10022.0	1284.0	8738.0
151539.0	136615.0	4158.0	195.0	6114.0	0.0	1787.0	2670.0	221.0	2449.0
117599.0	108317.0	2641.0	335.0	1407.0	0.0	1730.0	3169.0	421.0	2748.0
167626.0	115221.0	40858.0	1316.0	3446.0	21.0	1803.0	4961.0	587.0	4374.0
546076.0	362012.0	130388.0	941.0	25166.0	105.0	14012.0	13452.0	1273.0	12179.0
203390.0	162061.0	25704.0	611.0	2020.0	18.0	7436.0	5540.0	1165.0	4375.0
632323.0	250657.0	313224.0	2258.0	21858.0	54.0	28401.0	15871.0	2654.0	13217.0
251417.0	174971.0	49637.0	775.0	13072.0	254.0	3172.0	9536.0	2351.0	7185.0
171903.0	141459.0	18286.0	1010.0	3220.0	103.0	537.0	7288.0	480.0	6808.0
547307.0	456906.0	55223.0	1146.0	12279.0	2519.0	5658.0	13576.0	1269.0	12307.0
1815137.0	1141073.0	494269.0	3631.0	60120.0	1006.0	62768.0	52270.0	12571.0	39699.0
162449.0	146769.0	7147.0	513.0	1815.0	150.0	1214.0	4841.0	61.0	4780.0
139360.0	130723.0	4544.0	97.0	2041.0	0.0	123.0	1832.0	62.0	1770.0
194345.0	159515.0	18890.0	907.0	6483.0	0.0	2306.0	6244.0	172.0	6072.0
332427.0	293849.0	21620.0	873.0	4612.0	0.0	7663.0	3810.0	919.0	2891.0
67966.0	52491.0	12099.0	0.0	238.0	0.0	675.0	2463.0	349.0	2114.0
879602.0	544673.0	252308.0	2467.0	37804.0	1058.0	9834.0	31458.0	1760.0	29698.0
302715.0	210267.0	64255.0	1232.0	9049.0	111.0	3441.0	14360.0	325.0	14035.0
98359.0	77874.0	11999.0	0.0	2174.0	64.0	4058.0	2190.0	761.0	1429.0
173422.0	154847.0	10043.0	745.0	1970.0	21.0	1839.0	3957.0	471.0	3486.0
98128.0	84700.0	10230.0	124.0	1643.0	181.0	514.0	736.0	328.0	408.0
1277746.0	926709.0	212964.0	4097.0	44088.0	590.0	52865.0	36433.0	7647.0	28786.0
140567.0	120669.0	12825.0	0.0	1807.0	0.0	3080.0	2186.0	0.0	2186.0
303186.0	254060.0	30197.0	993.0	4525.0	267.0	5945.0	7199.0	2383.0	4816.0
645293.0	546424.0	53174.0	1825.0	11307.0	10.0	20792.0	11761.0	3970.0	7791.0
283769.0	176881.0	87409.0	666.0	9029.0	0.0	3686.0	6098.0	750.0	5348.0
333895.0	285526.0	29102.0	1333.0	6246.0	0.0	6269.0	5419.0	448.0	4971.0
335125.0	273739.0	41038.0	1834.0	5348.0	75.0	6453.0	6638.0	2288.0	4350.0
148817.0	125631.0	9185.0	380.0	1552.0	36.0	10100.0	1933.0	133.0	1800.0
2591035.0	1967074.0	487569.0	3196.0	41965.0	700.0	55071.0	35460.0	11878.0	23582.0
74809.0	66900.0	5523.0	405.0	211.0	0.0	828.0	942.0	238.0	704.0
190083.0	149635.0	17041.0	726.0	6432.0	242.0	7225.0	8782.0	979.0	7803.0
1202234.0	777502.0	256542.0	1874.0	57438.0	100.0	72607.0	36171.0	13506.0	22665.0
287416.0	215200.0	34793.0	978.0	8402.0	0.0	18795.0	9248.0	2313.0	6935.0
1356545.0	1026820.0	238611.0	1908.0	34302.0	1292.0	24241.0	29371.0	4221.0	25150.0
470391.0	416823.0	21525.0	2332.0	11046.0	896.0	3402.0	14367.0	5210.0	9157.0
921319.0	766728.0	94889.0	3453.0	27890.0	512.0	6387.0	21460.0	3333.0	18127.0
616158.0	486415.0	93201.0	1878.0	10458.0	213.0	8954.0	15039.0	1520.0	13519.0
73263.0	54911.0	12918.0	176.0	357.0	84.0	3659.0	1158.0	315.0	843.0
202188.0	180648.0	10992.0	319.0	4099.0	0.0	1371.0	4759.0	237.0	4522.0
283866.0	209876.0	54245.0	448.0	4714.0	228.0	7692.0	6663.0	541.0	6122.0
158512.0	136554.0	9022.0	628.0	3101.0	164.0	1205.0	7838.0	652.0	7186.0
386147.0	351285.0	18637.0	1542.0	5881.0	187.0	3733.0	4882.0	110.0	4772.0
430838.0	348662.0	48809.0	1422.0	18345.0	58.0	5099.0	8443.0	1254.0	7189.0
101620.0	90603.0	9347.0	306.0	459.0	30.0	138.0	737.0	0.0	737.0
496950.0	413626.0	53464.0	1789.0	8185.0	363.0	10663.0	8860.0	1734.0	7126.0
70169.0	55931.0	8124.0	70.0	2128.0	0.0	2113.0	1803.0	130.0	1673.0
100661.0	82821.0	11713.0	224.0	249.0	0.0	4854.0	800.0	0.0	800.0
156462.0	67624.0	83051.0	87.0	2700.0	144.0	1610.0	1246.0	0.0	1246.0
72694.0	47929.0	20645.0	101.0	1088.0	0.0	1703.0	1228.0	0.0	1228.0
111580.0	86577.0	18484.0	1490.0	1043.0	0.0	1131.0	2855.0	0.0	2855.0
276434.0	150995.0	110894.0	662.0	7171.0	212.0	1270.0	5230.0	729.0	4501.0
221315.0	192878.0	14267.0	288.0	3463.0	63.0	6400.0	3956.0	1004.0	2952.0
120266.0	79341.0	32428.0	366.0	5031.0	0.0	1415.0	1685.0	308.0	1377.0
265888.0	59452.0	174489.0	222.0	13256.0	0.0	11862.0	6607.0	742.0	5865.0
707442.0	448597.0	182264.0	364.0	33038.0	104.0	28624.0	14451.0	1978.0	12473.0
131627.0	99295.0	22635.0	201.0	5656.0	0.0	771.0	3069.0	364.0	2705.0
130929.0	100037.0	24862.0	0.0	2072.0	0.0	2701.0	1257.0	210.0	1047.0
707089.0	245500.0	383076.0	1538.0	37036.0	0.0	26739.0	13200.0	1790.0	11410.0
94501.0	27309.0	64105.0	22.0	904.0	0.0	1172.0	989.0	214.0	775.0
133971.0	71371.0	54809.0	0.0	2058.0	0.0	3036.0	2697.0	309.0	2388.0
107524.0	77247.0	22745.0	74.0	4999.0	48.0	1043.0	1368.0	0.0	1368.0
96177.0	71180.0	14227.0	515.0	924.0	0.0	7733.0	1598.0	280.0	1318.0
187928.0	160017.0	5749.0	241.0	13717.0	0.0	5134.0	3070.0	868.0	2202.0
977773.0	446956.0	432400.0	3274.0	56022.0	308.0	14748.0	24065.0	2960.0	21105.0
81022.0	52950.0	20048.0	223.0	1052.0	321.0	2678.0	3750.0	1234.0	2516.0
842046.0	439456.0	207315.0	3767.0	92037.0	347.0	77808.0	21316.0	2618.0	18698.0
185416.0	147866.0	13686.0	639.0	3374.0	0.0	17182.0	2669.0	290.0	2379.0
209053.0	112223.0	76872.0	0.0	6934.0	95.0	5082.0	7847.0	0.0	7847.0
146136.0	90372.0	42604.0	250.0	3520.0	238.0	5046.0	4106.0	571.0	3535.0
65471.0	30168.0	27546.0	192.0	1258.0	300.0	3168.0	2839.0	545.0	2294.0
114552.0	64422.0	42190.0	213.0	2143.0	0.0	3177.0	2407.0	546.0	1861.0
198413.0	92326.0	89055.0	564.0	4368.0	178.0	3704.0	8218.0	1048.0	7170.0
101505.0	54950.0	42374.0	930.0	1228.0	0.0	315.0	1708.0	48.0	1660.0
144800.0	115400.0	25639.0	325.0	882.0	0.0	147.0	2407.0	29.0	2378.0
202587.0	79964.0	110681.0	944.0	3419.0	0.0	2075.0	5504.0	882.0	4622.0
85820.0	40372.0	40428.0	47.0	1792.0	0.0	2049.0	1132.0	357.0	775.0
68468.0	41768.0	22652.0	289.0	1017.0	0.0	1122.0	1620.0	108.0	1512.0
68094.0	62782.0	2283.0	388.0	391.0	0.0	0.0	2250.0	38.0	2212.0
84575.0	67007.0	12678.0	190.0	1121.0	114.0	1755.0	1710.0	0.0	1710.0
103359.0	93247.0	4649.0	56.0	153.0	0.0	2560.0	2694.0	466.0	2228.0
189191.0	60619.0	927.0	656.0	43532.0	25303.0	6371.0	51783.0	1261.0	50522.0
976372.0	208104.0	23910.0	2141.0	421200.0	95009.0	8029.0	217979.0	8497.0	209482.0
68434.0	23047.0	251.0	179.0	24325.0	6929.0	147.0	13556.0	179.0	13377.0
158226.0	55433.0	525.0	177.0	42588.0	18154.0	950.0	40399.0	1215.0	39184.0
409061.0	375662.0	4393.0	2512.0	10266.0	569.0	4560.0	11099.0	781.0	10318.0
83800.0	75901.0	473.0	2763.0	1040.0	0.0	1420.0	2203.0	77.0	2126.0
106684.0	96491.0	556.0	463.0	999.0	101.0	5556.0	2518.0	448.0	2070.0
193888.0	175404.0	920.0	1173.0	1868.0	8.0	7520.0	6995.0	726.0	6269.0
142357.0	133941.0	207.0	2040.0	1586.0	45.0	574.0	3964.0	217.0	3747.0
78595.0	71989.0	148.0	702.0	1033.0	22.0	3125.0	1576.0	53.0	1523.0
67197.0	62457.0	2480.0	134.0	225.0	0.0	640.0	1261.0	0.0	1261.0
203276.0	151208.0	24853.0	326.0	19699.0	0.0	1795.0	5395.0	253.0	5142.0
5231351.0	2989006.0	1266999.0	12827.0	341377.0	2051.0	508071.0	111020.0	28323.0	82697.0
104704.0	86536.0	6898.0	41.0	2302.0	0.0	5956.0	2971.0	1093.0	1878.0
927987.0	745463.0	43972.0	1361.0	95618.0	739.0	18631.0	22203.0	4522.0	17681.0
522487.0	383880.0	28377.0	2413.0	18486.0	220.0	78977.0	10134.0	2402.0	7732.0
113040.0	91702.0	16587.0	198.0	1355.0	0.0	1120.0	2078.0	99.0	1979.0
118105.0	94602.0	7766.0	0.0	3283.0	0.0	8964.0	3490.0	1482.0	2008.0
702120.0	572072.0	50271.0	1322.0	44814.0	412.0	15638.0	17591.0	4104.0	13487.0
112973.0	107006.0	3085.0	139.0	270.0	0.0	729.0	1744.0	255.0	1489.0
308145.0	285385.0	4098.0	368.0	8137.0	0.0	5340.0	4817.0	1135.0	3682.0
172281.0	145652.0	13229.0	77.0	7827.0	0.0	1372.0	4124.0	523.0	3601.0
110122.0	87098.0	17149.0	41.0	1445.0	0.0	308.0	4081.0	241.0	3840.0
267883.0	236891.0	19086.0	527.0	2950.0	0.0	1120.0	7309.0	496.0	6813.0
187254.0	140513.0	32530.0	785.0	6427.0	0.0	1857.0	5142.0	82.0	5060.0
147457.0	121607.0	13999.0	314.0	2773.0	0.0	3848.0	4916.0	633.0	4283.0
268858.0	175055.0	81219.0	317.0	2997.0	38.0	1793.0	7439.0	415.0	7024.0
199271.0	166253.0	24093.0	457.0	3137.0	113.0	1039.0	4179.0	464.0	3715.0
135949.0	130476.0	1536.0	280.0	1134.0	76.0	574.0	1873.0	289.0	1584.0
80727.0	67195.0	10107.0	0.0	780.0	0.0	280.0	2365.0	289.0	2076.0
682518.0	511538.0	75421.0	1742.0	33506.0	37.0	44654.0	15620.0	2381.0	13239.0
66674.0	61748.0	3097.0	45.0	566.0	55.0	312.0	851.0	116.0	735.0
292069.0	226902.0	34782.0	311.0	7252.0	0.0	12279.0	10543.0	2406.0	8137.0
360412.0	286854.0	42883.0	1110.0	10379.0	1212.0	7300.0	10674.0	1138.0	9536.0
79129.0	69301.0	1991.0	0.0	3785.0	98.0	3248.0	706.0	279.0	427.0
111951.0	98778.0	8090.0	188.0	1174.0	0.0	1529.0	2192.0	118.0	2074.0
117364.0	104321.0	4305.0	278.0	1305.0	18.0	826.0	6311.0	60.0	6251.0
199619.0	171567.0	12090.0	174.0	2237.0	0.0	8100.0	5451.0	1264.0	4187.0
75283.0	68115.0	3582.0	35.0	881.0	0.0	953.0	1717.0	35.0	1682.0
69330.0	62350.0	4805.0	113.0	321.0	0.0	57.0	1684.0	0.0	1684.0
289495.0	255016.0	10564.0	762.0	12341.0	117.0	2570.0	8125.0	646.0	7479.0
70933.0	66809.0	2483.0	381.0	462.0	0.0	105.0	693.0	17.0	676.0
150434.0	136196.0	8028.0	185.0	2836.0	0.0	279.0	2910.0	68.0	2842.0
82849.0	73548.0	6311.0	37.0	1043.0	236.0	160.0	1514.0	408.0	1106.0
143191.0	134037.0	1745.0	52.0	2300.0	44.0	865.0	4148.0	380.0	3768.0
77609.0	72663.0	483.0	389.0	873.0	0.0	2187.0	1014.0	352.0	662.0
493618.0	305312.0	123914.0	1606.0	6866.0	85.0	43356.0	12479.0	3674.0	8805.0
111246.0	95110.0	11766.0	329.0	571.0	0.0	967.0	2503.0	274.0	2229.0
130348.0	114622.0	10926.0	51.0	606.0	0.0	1961.0	2182.0	208.0	1974.0
918977.0	573113.0	245692.0	3675.0	18393.0	162.0	50706.0	27236.0	3417.0	23819.0
141019.0	122783.0	3982.0	639.0	9069.0	67.0	1480.0	2999.0	10.0	2989.0
165682.0	152468.0	5721.0	167.0	2431.0	0.0	2876.0	2019.0	312.0	1707.0
266344.0	211479.0	34673.0	857.0	4835.0	53.0	6384.0	8063.0	1436.0	6627.0
177513.0	153343.0	8137.0	154.0	11270.0	79.0	1141.0	3389.0	468.0	2921.0
180858.0	156858.0	15415.0	743.0	1835.0	26.0	870.0	5111.0	54.0	5057.0
108428.0	95093.0	6767.0	289.0	2246.0	29.0	1067.0	2937.0	112.0	2825.0
68346.0	60943.0	3411.0	57.0	359.0	0.0	1400.0	2176.0	147.0	2029.0
131820.0	114622.0	11545.0	54.0	2226.0	0.0	418.0	2955.0	302.0	2653.0
71967.0	65614.0	671.0	0.0	1947.0	52.0	1678.0	2005.0	226.0	1779.0
95097.0	89267.0	1125.0	123.0	1178.0	1.0	73.0	3330.0	69.0	3261.0
136317.0	115611.0	7389.0	83.0	8089.0	0.0	3195.0	1950.0	226.0	1724.0
215295.0	195026.0	9303.0	545.0	4460.0	160.0	983.0	4818.0	0.0	4818.0
443710.0	378086.0	26125.0	1144.0	16053.0	347.0	9472.0	12483.0	1002.0	11481.0
92913.0	88995.0	1209.0	175.0	862.0	22.0	350.0	1300.0	0.0	1300.0
168799.0	146130.0	12375.0	464.0	3452.0	0.0	1900.0	4478.0	254.0	4224.0
91140.0	81106.0	2875.0	59.0	5190.0	0.0	189.0	1721.0	35.0	1686.0
102323.0	87917.0	2709.0	1518.0	2719.0	0.0	4464.0	2996.0	611.0	2385.0
65827.0	62044.0	1209.0	649.0	433.0	0.0	160.0	1332.0	44.0	1288.0
112864.0	96409.0	3925.0	2133.0	4562.0	87.0	489.0	5259.0	299.0	4960.0
559913.0	487454.0	24455.0	2365.0	24564.0	243.0	6091.0	14741.0	1996.0	12745.0
77739.0	65670.0	6210.0	1000.0	1340.0	542.0	376.0	2601.0	300.0	2301.0
75508.0	63544.0	5410.0	211.0	3224.0	141.0	590.0	2388.0	97.0	2291.0
503889.0	403144.0	47284.0	4972.0	20917.0	24.0	9370.0	18178.0	1999.0	16179.0
178991.0	148936.0	13323.0	1997.0	1944.0	0.0	3914.0	8877.0	1051.0	7826.0
159129.0	99443.0	39719.0	1378.0	4212.0	828.0	8641.0	4908.0	1709.0	3199.0
123316.0	113987.0	3465.0	700.0	2936.0	0.0	214.0	2014.0	0.0	2014.0
90908.0	85808.0	2859.0	212.0	277.0	0.0	178.0	1574.0	277.0	1297.0
75427.0	54175.0	15087.0	235.0	1281.0	350.0	664.0	3635.0	336.0	3299.0
97847.0	89730.0	4889.0	0.0	899.0	0.0	766.0	1563.0	25.0	1538.0
305489.0	235352.0	42816.0	511.0	10493.0	45.0	6841.0	9431.0	719.0	8712.0
107025.0	85103.0	12752.0	307.0	2852.0	53.0	982.0	4976.0	678.0	4298.0
750828.0	550574.0	156190.0	889.0	17957.0	208.0	5483.0	19527.0	1619.0	17908.0
161711.0	145403.0	7227.0	344.0	1446.0	0.0	3814.0	3477.0	563.0	2914.0
65549.0	55902.0	7274.0	43.0	182.0	167.0	300.0	1681.0	148.0	1533.0
84786.0	77431.0	4546.0	548.0	780.0	162.0	78.0	1241.0	77.0	1164.0
64178.0	62653.0	387.0	0.0	442.0	0.0	238.0	458.0	78.0	380.0
117110.0	95822.0	11122.0	43.0	3530.0	54.0	4613.0	1926.0	216.0	1710.0
112286.0	83537.0	25320.0	96.0	1247.0	0.0	431.0	1655.0	0.0	1655.0
122197.0	88647.0	26068.0	775.0	1685.0	68.0	2706.0	2248.0	263.0	1985.0
257093.0	124788.0	123105.0	892.0	3284.0	87.0	1535.0	3402.0	552.0	2850.0
194493.0	139154.0	47276.0	874.0	2475.0	0.0	1372.0	3342.0	401.0	2941.0
444526.0	216629.0	203030.0	723.0	12691.0	68.0	4086.0	7299.0	121.0	7178.0
73999.0	46627.0	23494.0	40.0	1835.0	0.0	454.0	1549.0	0.0	1549.0
433676.0	274780.0	116168.0	2311.0	16791.0	389.0	14522.0	8715.0	755.0	7960.0
227055.0	158644.0	55340.0	377.0	3131.0	13.0	2124.0	7426.0	1061.0	6365.0
97029.0	78264.0	13254.0	1599.0	889.0	0.0	912.0	2111.0	56.0	2055.0
131942.0	119443.0	9022.0	332.0	0.0	0.0	1803.0	1342.0	697.0	645.0
369250.0	125220.0	220735.0	1235.0	10775.0	0.0	6342.0	4943.0	652.0	4291.0
155363.0	93842.0	58306.0	408.0	1459.0	53.0	719.0	576.0	0.0	576.0
132373.0	85322.0	42379.0	980.0	1832.0	215.0	121.0	1524.0	74.0	1450.0
83662.0	47401.0	34106.0	0.0	370.0	0.0	184.0	1601.0	151.0	1450.0
239453.0	200623.0	28219.0	687.0	3940.0	0.0	1546.0	4438.0	98.0	4340.0
123441.0	82832.0	37404.0	701.0	920.0	0.0	323.0	1261.0	64.0	1197.0
111893.0	79422.0	20129.0	4570.0	1103.0	266.0	1301.0	5102.0	121.0	4981.0
107609.0	99472.0	1723.0	205.0	385.0	0.0	133.0	5691.0	410.0	5281.0
70868.0	67495.0	581.0	896.0	514.0	0.0	245.0	1137.0	89.0	1048.0
283921.0	263555.0	6357.0	664.0	6294.0	0.0	710.0	6341.0	440.0	5901.0
121853.0	116901.0	380.0	841.0	884.0	0.0	606.0	2241.0	40.0	2201.0
153746.0	146859.0	1425.0	1846.0	1647.0	0.0	102.0	1867.0	0.0	1867.0
199005.0	191810.0	1071.0	808.0	2318.0	31.0	167.0	2800.0	90.0	2710.0
74012.0	65859.0	6471.0	144.0	705.0	61.0	0.0	772.0	95.0	677.0
550488.0	410195.0	84053.0	2321.0	19654.0	244.0	14659.0	19362.0	943.0	18419.0
817455.0	526089.0	216169.0	1813.0	43985.0	527.0	7620.0	21252.0	2227.0	19025.0
89628.0	73555.0	11670.0	0.0	679.0	0.0	421.0	3303.0	0.0	3303.0
167217.0	155586.0	5567.0	270.0	2781.0	0.0	391.0	2622.0	416.0	2206.0
101696.0	89663.0	7046.0	183.0	937.0	0.0	1413.0	2454.0	153.0	2301.0
150592.0	75622.0	62131.0	1564.0	5435.0	0.0	979.0	4861.0	41.0	4820.0
239582.0	195520.0	20327.0	942.0	7688.0	367.0	4873.0	9865.0	833.0	9032.0
248622.0	200409.0	33402.0	389.0	6845.0	0.0	2667.0	4910.0	628.0	4282.0
299430.0	182385.0	53957.0	498.0	43997.0	595.0	7151.0	10847.0	836.0	10011.0
1004709.0	570325.0	171730.0	3378.0	143858.0	412.0	71497.0	43509.0	9724.0	33785.0
881138.0	179412.0	559417.0	2752.0	37020.0	177.0	76777.0	25583.0	4079.0	21504.0
108987.0	86434.0	13967.0	204.0	2548.0	71.0	466.0	5297.0	545.0	4752.0
149180.0	125708.0	13802.0	255.0	2358.0	83.0	1234.0	5740.0	440.0	5300.0
100647.0	68035.0	22452.0	174.0	2825.0	0.0	2234.0	4927.0	506.0	4421.0
621342.0	187742.0	394998.0	1862.0	15757.0	46.0	8937.0	12000.0	901.0	11099.0
215423.0	199932.0	4976.0	765.0	2912.0	34.0	3118.0	3686.0	254.0	3432.0
130016.0	119899.0	3024.0	272.0	2058.0	0.0	1482.0	3281.0	574.0	2707.0
551082.0	488242.0	20182.0	1211.0	11314.0	0.0	16145.0	13988.0	2904.0	11084.0
755618.0	603897.0	33347.0	907.0	24110.0	134.0	77806.0	15417.0	4676.0	10741.0
71540.0	67440.0	395.0	216.0	1089.0	0.0	632.0	1768.0	52.0	1716.0
465923.0	365362.0	39992.0	1369.0	10136.0	0.0	39504.0	9560.0	3002.0	6558.0
159795.0	143516.0	4090.0	214.0	7088.0	309.0	977.0	3601.0	246.0	3355.0
1537215.0	1225992.0	74525.0	2040.0	153632.0	182.0	38897.0	41947.0	6848.0	35099.0
681845.0	555261.0	42803.0	652.0	63874.0	0.0	7871.0	11384.0	980.0	10404.0
499759.0	427752.0	43892.0	975.0	6781.0	85.0	9687.0	10587.0	3185.0	7402.0
744426.0	416646.0	169579.0	2422.0	63030.0	0.0	47897.0	44852.0	8130.0	36722.0
806163.0	685811.0	35800.0	2026.0	35063.0	156.0	24921.0	22386.0	4476.0	17910.0
112039.0	105368.0	1450.0	588.0	975.0	0.0	1486.0	2172.0	464.0	1708.0
106935.0	101403.0	1346.0	452.0	416.0	58.0	611.0	2649.0	134.0	2515.0
156067.0	121192.0	23842.0	608.0	2492.0	36.0	4074.0	3823.0	276.0	3547.0
135099.0	112473.0	14996.0	1022.0	2289.0	0.0	1017.0	3302.0	17.0	3285.0
76001.0	71480.0	1219.0	85.0	724.0	0.0	310.0	2183.0	100.0	2083.0
108008.0	95528.0	6075.0	210.0	1413.0	0.0	818.0	3964.0	85.0	3879.0
418408.0	312523.0	87559.0	2375.0	3500.0	0.0	2319.0	10132.0	634.0	9498.0
89112.0	83945.0	970.0	1384.0	704.0	0.0	712.0	1397.0	72.0	1325.0
281723.0	216270.0	32054.0	1249.0	14758.0	140.0	3281.0	13971.0	1053.0	12918.0
70617.0	62470.0	1396.0	1846.0	1157.0	0.0	192.0	3556.0	58.0	3498.0
160309.0	140079.0	13842.0	1118.0	796.0	399.0	815.0	3260.0	473.0	2787.0
254580.0	207744.0	28050.0	1038.0	6257.0	74.0	2120.0	9297.0	558.0	8739.0
614462.0	507622.0	59047.0	2818.0	13705.0	0.0	10829.0	20441.0	1941.0	18500.0
88173.0	84654.0	1055.0	123.0	146.0	0.0	342.0	1853.0	434.0	1419.0
98987.0	92240.0	2399.0	696.0	321.0	0.0	1072.0	2259.0	342.0	1917.0
182838.0	176763.0	725.0	624.0	1503.0	37.0	394.0	2792.0	110.0	2682.0
847383.0	712168.0	81961.0	1721.0	27094.0	0.0	5475.0	18964.0	1118.0	17846.0
67906.0	63510.0	842.0	1325.0	359.0	0.0	169.0	1701.0	73.0	1628.0
83822.0	78993.0	1147.0	581.0	1984.0	0.0	191.0	926.0	81.0	845.0
151048.0	143721.0	3716.0	758.0	1105.0	0.0	55.0	1693.0	166.0	1527.0
170182.0	137814.0	23337.0	1322.0	956.0	261.0	880.0	5612.0	566.0	5046.0
1220657.0	935708.0	167672.0	3736.0	71642.0	22.0	9247.0	32630.0	3671.0	28959.0
269099.0	246013.0	3657.0	2024.0	6897.0	15.0	5286.0	5207.0	468.0	4739.0
198353.0	149776.0	36799.0	576.0	2157.0	282.0	2929.0	5834.0	842.0	4992.0
160644.0	150393.0	3981.0	271.0	1113.0	0.0	1677.0	3209.0	495.0	2714.0
69232.0	67115.0	548.0	361.0	421.0	0.0	97.0	690.0	91.0	599.0
75454.0	67075.0	3276.0	582.0	511.0	0.0	2464.0	1546.0	212.0	1334.0
350946.0	260646.0	43301.0	332.0	28918.0	0.0	4298.0	13451.0	884.0	12567.0
1792365.0	954763.0	715882.0	6265.0	46177.0	260.0	25204.0	43814.0	6627.0	37187.0
336414.0	291207.0	15821.0	2254.0	13469.0	66.0	4763.0	8834.0	659.0	8175.0
65091.0	60014.0	1951.0	157.0	1434.0	0.0	470.0	1065.0	111.0	954.0
93707.0	87025.0	650.0	10.0	2476.0	96.0	499.0	2951.0	869.0	2082.0
405088.0	342631.0	21557.0	1453.0	18177.0	0.0	10371.0	10899.0	885.0	10014.0
1184576.0	890394.0	142910.0	8168.0	77478.0	372.0	26808.0	38446.0	2354.0	36092.0
147066.0	126589.0	7144.0	128.0	8902.0	0.0	1095.0	3208.0	77.0	3131.0
520152.0	369065.0	56360.0	2145.0	65551.0	89.0	7066.0	19876.0	1917.0	17959.0
200319.0	185939.0	2860.0	4062.0	1421.0	68.0	790.0	5179.0	55.0	5124.0
135152.0	115229.0	3153.0	642.0	7990.0	46.0	2750.0	5342.0	912.0	4430.0
89455.0	84701.0	1768.0	334.0	624.0	0.0	252.0	1776.0	0.0	1776.0
151606.0	138937.0	5093.0	541.0	2372.0	0.0	1278.0	3385.0	465.0	2920.0
244088.0	213936.0	9179.0	740.0	12542.0	0.0	1612.0	6079.0	286.0	5793.0
127336.0	119867.0	1677.0	426.0	216.0	0.0	1750.0	3400.0	617.0	2783.0
166234.0	120601.0	38122.0	205.0	2060.0	66.0	1450.0	3730.0	206.0	3524.0
76894.0	45829.0	28276.0	32.0	725.0	0.0	1241.0	791.0	0.0	791.0
194029.0	136977.0	45752.0	472.0	4608.0	0.0	727.0	5493.0	151.0	5342.0
248643.0	68367.0	173584.0	129.0	2126.0	72.0	2717.0	1648.0	190.0	1458.0
140298.0	100840.0	29068.0	353.0	3036.0	0.0	3019.0	3982.0	0.0	3982.0
85042.0	58005.0	24878.0	193.0	158.0	0.0	1015.0	793.0	75.0	718.0
98468.0	57336.0	37493.0	514.0	2258.0	0.0	202.0	665.0	43.0	622.0
145165.0	113334.0	28017.0	288.0	1887.0	33.0	392.0	1214.0	75.0	1139.0
168535.0	140236.0	10695.0	618.0	6645.0	0.0	997.0	9344.0	152.0	9192.0
89706.0	80273.0	3274.0	168.0	1110.0	299.0	612.0	3970.0	333.0	3637.0
76950.0	68305.0	5626.0	166.0	928.0	0.0	501.0	1424.0	224.0	1200.0
100376.0	91468.0	2954.0	350.0	520.0	218.0	1985.0	2881.0	0.0	2881.0
227577.0	196896.0	12620.0	1255.0	4396.0	0.0	3229.0	9181.0	3348.0	5833.0
76363.0	64349.0	8701.0	358.0	973.0	72.0	653.0	1257.0	0.0	1257.0
280626.0	256930.0	8023.0	1876.0	5323.0	1098.0	1320.0	6056.0	667.0	5389.0
677377.0	451236.0	162766.0	4446.0	11476.0	1154.0	29290.0	17009.0	2470.0	14539.0
115258.0	105712.0	2821.0	1871.0	588.0	303.0	443.0	3520.0	612.0	2908.0
220209.0	211235.0	1540.0	305.0	1178.0	29.0	1067.0	4855.0	744.0	4111.0
92054.0	81510.0	5621.0	304.0	2069.0	39.0	184.0	2327.0	151.0	2176.0
368666.0	334113.0	17307.0	723.0	8837.0	0.0	2189.0	5497.0	221.0	5276.0
1000438.0	697754.0	233048.0	1168.0	36571.0	14.0	8581.0	23302.0	3069.0	20233.0
318172.0	143417.0	152068.0	900.0	9220.0	0.0	3821.0	8746.0	255.0	8491.0
81723.0	72461.0	786.0	3477.0	565.0	0.0	830.0	3604.0	171.0	3433.0
91633.0	86957.0	323.0	1651.0	605.0	0.0	265.0	1832.0	56.0	1776.0
92614.0	88111.0	496.0	759.0	795.0	56.0	405.0	1992.0	12.0	1980.0
110977.0	102476.0	59.0	2086.0	1131.0	765.0	237.0	4223.0	581.0	3642.0
151882.0	136498.0	604.0	7047.0	1295.0	0.0	2662.0	3776.0	132.0	3644.0
531265.0	412716.0	61064.0	3066.0	16011.0	79.0	26157.0	12172.0	1075.0	11097.0
293407.0	259118.0	10368.0	2534.0	10461.0	201.0	1959.0	8766.0	876.0	7890.0
165853.0	147003.0	7190.0	650.0	3191.0	894.0	1456.0	5469.0	189.0	5280.0
2000759.0	1289594.0	213514.0	12789.0	179332.0	13868.0	201148.0	90514.0	14534.0	75980.0
429908.0	350596.0	9754.0	7395.0	23501.0	2785.0	21203.0	14674.0	3011.0	11663.0
89181.0	83562.0	384.0	464.0	2885.0	0.0	71.0	1815.0	8.0	1807.0
402922.0	367528.0	8610.0	781.0	13924.0	54.0	2481.0	9544.0	1398.0	8146.0
146761.0	139968.0	2059.0	178.0	2134.0	61.0	817.0	1544.0	102.0	1442.0
297820.0	284526.0	2599.0	214.0	5955.0	0.0	976.0	3550.0	235.0	3315.0
124119.0	116189.0	1388.0	151.0	2608.0	0.0	704.0	3079.0	213.0	2866.0
275422.0	183122.0	44567.0	496.0	22059.0	62.0	16439.0	8677.0	3505.0	5172.0
918888.0	655469.0	50478.0	2101.0	137980.0	132.0	44996.0	27732.0	7062.0	20670.0
451336.0	329194.0	70525.0	1260.0	21192.0	153.0	12731.0	16281.0	2481.0	13800.0
513539.0	326496.0	102432.0	1269.0	27563.0	0.0	40531.0	15248.0	5130.0	10118.0
96304.0	87415.0	3259.0	611.0	1008.0	0.0	1518.0	2493.0	254.0	2239.0
157785.0	95239.0	32005.0	925.0	2133.0	0.0	20860.0	6623.0	2096.0	4527.0
787744.0	325625.0	313745.0	2536.0	38415.0	432.0	83616.0	23375.0	6041.0	17334.0
289586.0	238170.0	29717.0	482.0	8226.0	130.0	6410.0	6451.0	1952.0	4499.0
652302.0	363477.0	86669.0	3161.0	93136.0	193.0	87801.0	17865.0	8575.0	9290.0
127050.0	116247.0	3174.0	102.0	3356.0	1293.0	695.0	2183.0	387.0	1796.0
368303.0	234654.0	73229.0	682.0	35129.0	0.0	17253.0	7356.0	1297.0	6059.0
823041.0	512824.0	79153.0	1304.0	187914.0	0.0	25356.0	16490.0	5907.0	10583.0
629384.0	522271.0	48363.0	1502.0	31871.0	58.0	13877.0	11442.0	513.0	10929.0
497999.0	406693.0	15706.0	608.0	48291.0	0.0	17497.0	9204.0	1826.0	7378.0
580470.0	534638.0	18690.0	1825.0	10459.0	0.0	7237.0	7621.0	849.0	6772.0
502885.0	346489.0	69539.0	1654.0	24590.0	0.0	38162.0	22451.0	2697.0	19754.0
65774.0	51094.0	9411.0	0.0	718.0	0.0	3646.0	905.0	0.0	905.0
327707.0	226376.0	29335.0	265.0	50289.0	63.0	15980.0	5399.0	1122.0	4277.0
147442.0	137187.0	3361.0	144.0	2652.0	90.0	1742.0	2266.0	709.0	1557.0
543976.0	323137.0	120120.0	451.0	25460.0	0.0	63531.0	11277.0	3785.0	7492.0
107653.0	95858.0	4210.0	196.0	2735.0	0.0	3189.0	1465.0	137.0	1328.0
673460.0	461846.0	19864.0	31065.0	14832.0	687.0	118348.0	26818.0	9483.0	17335.0
65784.0	49512.0	1541.0	472.0	93.0	30.0	12058.0	2078.0	888.0	1190.0
214445.0	191507.0	3597.0	2787.0	2602.0	0.0	9449.0	4503.0	2311.0	2192.0
66338.0	58862.0	1823.0	580.0	352.0	0.0	3018.0	1703.0	549.0	1154.0
73016.0	12978.0	243.0	54030.0	365.0	105.0	3666.0	1629.0	331.0	1298.0
66041.0	49269.0	2471.0	4732.0	989.0	0.0	5601.0	2979.0	918.0	2061.0
135588.0	101408.0	3281.0	16001.0	1790.0	55.0	8585.0	4468.0	1609.0	2859.0
128529.0	65359.0	867.0	49702.0	597.0	61.0	7198.0	4745.0	1818.0	2927.0
146375.0	125074.0	1346.0	4030.0	1486.0	0.0	10949.0	3490.0	1448.0	2042.0
76631.0	52925.0	1095.0	2683.0	579.0	0.0	16628.0	2721.0	1266.0	1455.0
305455.0	237388.0	39841.0	524.0	14886.0	250.0	3923.0	8643.0	1608.0	7035.0
1408473.0	297215.0	467248.0	7496.0	51693.0	155.0	537769.0	46897.0	27220.0	19677.0
198060.0	173806.0	9993.0	451.0	7242.0	182.0	2119.0	4267.0	489.0	3778.0
79458.0	73281.0	1096.0	2260.0	632.0	0.0	519.0	1670.0	22.0	1648.0
79552.0	73697.0	3357.0	422.0	392.0	0.0	188.0	1496.0	51.0	1445.0
133539.0	124004.0	3225.0	682.0	845.0	461.0	2512.0	1810.0	511.0	1299.0
88911.0	78474.0	5365.0	133.0	1320.0	0.0	222.0	3397.0	863.0	2534.0
81654.0	75258.0	3689.0	439.0	955.0	0.0	593.0	720.0	54.0	666.0
297322.0	236686.0	28837.0	1869.0	11899.0	0.0	8493.0	9538.0	1965.0	7573.0
919086.0	727304.0	122531.0	4172.0	26485.0	173.0	19717.0	18704.0	2687.0	16017.0
120262.0	104723.0	7293.0	243.0	1474.0	192.0	1841.0	4496.0	565.0	3931.0
2565635.0	1127824.0	876142.0	7201.0	281935.0	788.0	214220.0	57525.0	17548.0	39977.0
64810.0	60343.0	1895.0	88.0	623.0	0.0	541.0	1320.0	236.0	1084.0
72382.0	68849.0	1163.0	550.0	599.0	0.0	76.0	1145.0	52.0	1093.0
747813.0	570460.0	113911.0	2376.0	25395.0	153.0	17545.0	17973.0	2364.0	15609.0
1349233.0	961151.0	153537.0	2590.0	107641.0	105.0	84805.0	39404.0	16293.0	23111.0
1619090.0	921683.0	248940.0	4674.0	183558.0	1558.0	194674.0	64003.0	16266.0	47737.0
215124.0	189962.0	14419.0	2253.0	2691.0	1372.0	475.0	3952.0	590.0	3362.0
233556.0	202528.0	12459.0	635.0	8109.0	0.0	3738.0	6087.0	960.0	5127.0
466852.0	377620.0	51510.0	3249.0	14366.0	105.0	4920.0	15082.0	3151.0	11931.0
108519.0	101944.0	2588.0	345.0	1192.0	0.0	412.0	2038.0	0.0	2038.0
374512.0	288041.0	36760.0	1774.0	10529.0	0.0	24711.0	12697.0	2271.0	10426.0
121700.0	116161.0	828.0	503.0	720.0	0.0	1351.0	2137.0	97.0	2040.0
99607.0	90791.0	2543.0	1614.0	2215.0	0.0	1116.0	1328.0	148.0	1180.0
2272771.0	950439.0	416056.0	10394.0	537835.0	960.0	280756.0	76331.0	30887.0	45444.0
159835.0	140106.0	8507.0	166.0	3740.0	0.0	495.0	6821.0	727.0	6094.0
470728.0	349970.0	50136.0	465.0	36428.0	87.0	24149.0	9493.0	2615.0	6878.0
317757.0	228658.0	38865.0	436.0	19537.0	0.0	24191.0	6070.0	2134.0	3936.0
112232.0	104739.0	3021.0	929.0	1081.0	23.0	559.0	1880.0	361.0	1519.0
222133.0	209125.0	3194.0	75.0	4572.0	0.0	780.0	4387.0	1128.0	3259.0
155124.0	122675.0	14270.0	236.0	5705.0	0.0	5126.0	7112.0	1577.0	5535.0
99063.0	94449.0	1357.0	151.0	1475.0	0.0	184.0	1447.0	84.0	1363.0
1499273.0	1235029.0	110006.0	3456.0	54644.0	153.0	64762.0	31223.0	10790.0	20433.0
76793.0	62473.0	7165.0	182.0	997.0	0.0	2066.0	3910.0	176.0	3734.0
102554.0	85290.0	3677.0	214.0	10263.0	0.0	408.0	2702.0	116.0	2586.0
181791.0	158217.0	10282.0	444.0	2824.0	6.0	1744.0	8274.0	763.0	7511.0
65538.0	62799.0	697.0	38.0	609.0	146.0	171.0	1078.0	370.0	708.0
92962.0	87130.0	3256.0	249.0	752.0	0.0	543.0	1032.0	63.0	969.0
961670.0	639386.0	137413.0	3988.0	52324.0	263.0	100148.0	28148.0	6983.0	21165.0
153920.0	109666.0	27144.0	524.0	2116.0	589.0	9072.0	4809.0	1246.0	3563.0
112257.0	93714.0	12158.0	351.0	650.0	632.0	2498.0	2254.0	5.0	2249.0
244490.0	217031.0	15320.0	687.0	2313.0	0.0	2252.0	6887.0	757.0	6130.0
90505.0	76478.0	6130.0	294.0	3326.0	0.0	2856.0	1421.0	229.0	1192.0
184498.0	144796.0	29883.0	213.0	4504.0	0.0	2095.0	3007.0	154.0	2853.0
67632.0	59494.0	4581.0	586.0	605.0	0.0	792.0	1574.0	0.0	1574.0
154339.0	128226.0	13463.0	412.0	5838.0	0.0	4781.0	1619.0	105.0	1514.0
65976.0	53169.0	8864.0	176.0	910.0	0.0	2349.0	508.0	0.0	508.0
97474.0	75063.0	20227.0	44.0	900.0	0.0	68.0	1172.0	0.0	1172.0
104770.0	73838.0	22723.0	187.0	2855.0	384.0	2417.0	2366.0	67.0	2299.0
324049.0	166655.0	118744.0	4828.0	7652.0	297.0	7558.0	18315.0	1386.0	16929.0
163260.0	143345.0	14853.0	805.0	1798.0	0.0	456.0	2003.0	173.0	1830.0
279641.0	145563.0	104093.0	1614.0	12749.0	388.0	6850.0	8384.0	1489.0	6895.0
358137.0	243690.0	94062.0	489.0	6965.0	0.0	6566.0	6365.0	1628.0	4737.0
208049.0	160951.0	30345.0	794.0	2723.0	0.0	8372.0	4864.0	363.0	4501.0
500879.0	285306.0	168236.0	2534.0	21645.0	65.0	13753.0	9340.0	1436.0	7904.0
122135.0	84266.0	25981.0	1256.0	1571.0	19.0	5377.0	3665.0	560.0	3105.0
108266.0	100483.0	3138.0	260.0	1355.0	0.0	1093.0	1937.0	51.0	1886.0
162708.0	133727.0	20036.0	1146.0	3432.0	26.0	2259.0	2082.0	144.0	1938.0
174938.0	139428.0	26034.0	609.0	879.0	0.0	1947.0	6041.0	681.0	5360.0
79313.0	70008.0	4404.0	62.0	412.0	0.0	3249.0	1178.0	32.0	1146.0
969031.0	558414.0	297899.0	4487.0	47901.0	980.0	32938.0	26412.0	2771.0	23641.0
95708.0	51760.0	36667.0	533.0	11.0	0.0	3428.0	3309.0	932.0	2377.0
209234.0	170098.0	30072.0	257.0	3106.0	48.0	1879.0	3774.0	156.0	3618.0
183263.0	135005.0	31575.0	791.0	3266.0	208.0	6700.0	5718.0	438.0	5280.0
137941.0	105985.0	14712.0	902.0	9263.0	77.0	1144.0	5858.0	896.0	4962.0
172554.0	103714.0	59606.0	393.0	2952.0	0.0	2072.0	3817.0	930.0	2887.0
142466.0	128552.0	7310.0	550.0	1629.0	0.0	1616.0	2809.0	328.0	2481.0
135496.0	41117.0	33014.0	51329.0	1102.0	231.0	5965.0	2738.0	163.0	2575.0
92720.0	69823.0	17419.0	348.0	681.0	78.0	2327.0	2044.0	268.0	1776.0
138180.0	109439.0	21587.0	108.0	1600.0	0.0	3111.0	2335.0	717.0	1618.0
73561.0	67993.0	3551.0	49.0	122.0	0.0	947.0	899.0	674.0	225.0
208520.0	170436.0	24407.0	475.0	4108.0	0.0	5936.0	3158.0	307.0	2851.0
952151.0	651379.0	201082.0	3508.0	52879.0	241.0	21914.0	21148.0	4377.0	16771.0
124246.0	69998.0	39275.0	108.0	1462.0	0.0	9153.0	4250.0	1607.0	2643.0
69306.0	62798.0	3676.0	52.0	119.0	0.0	2007.0	654.0	348.0	306.0
81867.0	41955.0	31477.0	305.0	450.0	355.0	5471.0	1854.0	120.0	1734.0
85774.0	79758.0	565.0	3526.0	636.0	52.0	180.0	1057.0	35.0	1022.0
156157.0	141946.0	4080.0	1893.0	3652.0	19.0	664.0	3903.0	709.0	3194.0
67472.0	61151.0	1335.0	1710.0	1322.0	20.0	112.0	1822.0	126.0	1696.0
105141.0	88627.0	12942.0	205.0	918.0	0.0	308.0	2141.0	98.0	2043.0
100389.0	93666.0	3521.0	175.0	157.0	0.0	591.0	2279.0	0.0	2279.0
69671.0	65267.0	2320.0	214.0	167.0	0.0	229.0	1474.0	80.0	1394.0
370589.0	318910.0	28323.0	713.0	9101.0	0.0	5070.0	8472.0	310.0	8162.0
137206.0	118198.0	11502.0	480.0	1091.0	53.0	1398.0	4484.0	275.0	4209.0
199085.0	190461.0	2368.0	506.0	1996.0	72.0	505.0	3177.0	41.0	3136.0
106507.0	101650.0	2548.0	201.0	209.0	0.0	404.0	1495.0	118.0	1377.0
1265111.0	807422.0	380906.0	2669.0	33357.0	216.0	14626.0	25915.0	3149.0	22766.0
181061.0	161590.0	6682.0	117.0	7828.0	0.0	1270.0	3574.0	224.0	3350.0
76398.0	66552.0	5576.0	631.0	428.0	511.0	357.0	2343.0	112.0	2231.0
147474.0	132620.0	8244.0	187.0	1295.0	0.0	543.0	4585.0	70.0	4515.0
1195537.0	827783.0	255128.0	2597.0	50042.0	571.0	20857.0	38559.0	2525.0	36034.0
163587.0	141093.0	12382.0	238.0	4240.0	0.0	501.0	5133.0	83.0	5050.0
802038.0	554110.0	206990.0	1787.0	17141.0	64.0	5458.0	16488.0	1159.0	15329.0
75671.0	71246.0	1214.0	53.0	1455.0	0.0	653.0	1050.0	188.0	862.0
229582.0	213220.0	8780.0	206.0	3006.0	93.0	1409.0	2868.0	602.0	2266.0
167537.0	156030.0	5225.0	146.0	1749.0	0.0	495.0	3892.0	29.0	3863.0
301478.0	259255.0	25718.0	498.0	2708.0	538.0	4267.0	8494.0	1015.0	7479.0
437998.0	321504.0	84787.0	1365.0	7234.0	0.0	7888.0	15220.0	3787.0	11433.0
235145.0	188790.0	36821.0	854.0	1382.0	183.0	1814.0	5301.0	484.0	4817.0
173684.0	166543.0	3219.0	500.0	1796.0	0.0	296.0	1330.0	333.0	997.0
103060.0	97097.0	2302.0	76.0	832.0	0.0	472.0	2281.0	0.0	2281.0
534325.0	395281.0	110882.0	443.0	10639.0	153.0	3149.0	13778.0	429.0	13349.0
161451.0	148144.0	6440.0	17.0	2762.0	0.0	804.0	3284.0	65.0	3219.0
122673.0	106756.0	9315.0	437.0	659.0	0.0	749.0	4757.0	535.0	4222.0
77429.0	70032.0	3095.0	175.0	368.0	23.0	73.0	3663.0	143.0	3520.0
374868.0	333169.0	23989.0	748.0	2564.0	155.0	724.0	13519.0	369.0	13150.0
540811.0	435352.0	76037.0	857.0	12033.0	246.0	853.0	15433.0	901.0	14532.0
207406.0	184683.0	17556.0	265.0	333.0	44.0	430.0	4095.0	318.0	3777.0
217241.0	196394.0	7865.0	203.0	9164.0	101.0	1054.0	2460.0	0.0	2460.0
114848.0	108850.0	1752.0	190.0	1049.0	0.0	1092.0	1915.0	234.0	1681.0
128200.0	116926.0	3204.0	154.0	2286.0	83.0	1608.0	3939.0	2062.0	1877.0
122560.0	100155.0	2453.0	4461.0	3570.0	39.0	4779.0	7103.0	667.0	6436.0
265638.0	212265.0	11803.0	10737.0	10697.0	71.0	3114.0	16951.0	1073.0	15878.0
126390.0	81694.0	21084.0	7379.0	2521.0	650.0	2833.0	10229.0	1286.0	8943.0
70651.0	56491.0	1794.0	7190.0	283.0	0.0	587.0	4306.0	126.0	4180.0
70596.0	43501.0	7787.0	11677.0	261.0	27.0	533.0	6810.0	80.0	6730.0
741781.0	511965.0	109281.0	22037.0	23604.0	424.0	24586.0	49884.0	2173.0	47711.0
78399.0	62770.0	2707.0	2820.0	2883.0	67.0	472.0	6680.0	33.0	6647.0
70760.0	53416.0	1761.0	7670.0	387.0	0.0	1501.0	6025.0	34.0	5991.0
88367.0	66260.0	770.0	11439.0	944.0	16.0	1721.0	7217.0	354.0	6863.0
613816.0	442920.0	61422.0	28458.0	15513.0	622.0	18642.0	46239.0	1795.0	44444.0
75030.0	57297.0	2815.0	6402.0	1205.0	0.0	1018.0	6293.0	27.0	6266.0
86430.0	75190.0	665.0	765.0	4285.0	1254.0	1312.0	2959.0	355.0	2604.0
383857.0	343736.0	2246.0	2494.0	14707.0	1048.0	5027.0	14599.0	1907.0	12692.0
162277.0	152080.0	76.0	741.0	1389.0	509.0	2325.0	5157.0	1006.0	4151.0
107164.0	99608.0	73.0	1339.0	846.0	20.0	140.0	5138.0	0.0	5138.0
206412.0	188235.0	1414.0	1435.0	1829.0	546.0	3889.0	9064.0	546.0	8518.0
82930.0	77811.0	422.0	1477.0	750.0	0.0	5.0	2465.0	304.0	2161.0
65912.0	58026.0	502.0	2530.0	1272.0	150.0	1412.0	2020.0	20.0	2000.0
354542.0	312666.0	3204.0	3699.0	10479.0	837.0	8260.0	15397.0	1111.0	14286.0
118360.0	109897.0	699.0	2311.0	1473.0	0.0	1265.0	2715.0	774.0	1941.0
319985.0	259513.0	3380.0	4973.0	6523.0	2447.0	31563.0	11586.0	2561.0	9025.0
759256.0	600586.0	43152.0	5900.0	50906.0	5353.0	21465.0	31894.0	1423.0	30471.0
76353.0	64884.0	78.0	766.0	1719.0	677.0	3766.0	4463.0	881.0	3582.0
76820.0	63771.0	592.0	2070.0	405.0	89.0	5271.0	4622.0	973.0	3649.0
547672.0	419256.0	9653.0	4499.0	48432.0	2401.0	39145.0	24286.0	2516.0	21770.0
100255.0	90285.0	569.0	1826.0	707.0	295.0	2267.0	4306.0	148.0	4158.0
101482.0	93732.0	1139.0	48.0	721.0	0.0	3739.0	2103.0	388.0	1715.0
1229338.0	997613.0	159836.0	1694.0	36577.0	238.0	4832.0	28548.0	1789.0	26759.0
170245.0	154812.0	10766.0	16.0	1094.0	0.0	425.0	3132.0	156.0	2976.0
413491.0	355172.0	21166.0	1450.0	5881.0	206.0	21247.0	8369.0	1426.0	6943.0
127121.0	122217.0	1588.0	120.0	1000.0	0.0	81.0	2115.0	0.0	2115.0
627053.0	560904.0	23637.0	215.0	26478.0	1.0	5008.0	10810.0	1627.0	9183.0
184970.0	178451.0	2181.0	152.0	1485.0	0.0	434.0	2267.0	0.0	2267.0
141584.0	132895.0	4190.0	262.0	724.0	188.0	533.0	2792.0	230.0	2562.0
155171.0	137936.0	4950.0	588.0	7878.0	26.0	702.0	3091.0	99.0	2992.0
506575.0	439939.0	29531.0	226.0	20696.0	307.0	5446.0	10430.0	1165.0	9265.0
81184.0	77287.0	1541.0	134.0	377.0	0.0	492.0	1353.0	460.0	893.0
87598.0	84032.0	1411.0	105.0	516.0	33.0	60.0	1441.0	123.0	1318.0
238614.0	214171.0	7797.0	214.0	7802.0	42.0	2887.0	5701.0	1343.0	4358.0
269665.0	195620.0	49354.0	785.0	8878.0	0.0	6257.0	8771.0	1777.0	6994.0
561098.0	402719.0	115339.0	781.0	28228.0	166.0	3479.0	10386.0	2138.0	8248.0
280646.0	245770.0	19998.0	955.0	3350.0	19.0	3221.0	7333.0	971.0	6362.0
135660.0	126083.0	6782.0	26.0	26.0	44.0	341.0	2358.0	187.0	2171.0
151275.0	140927.0	5954.0	174.0	1444.0	0.0	1097.0	1679.0	0.0	1679.0
88218.0	83344.0	2180.0	28.0	887.0	148.0	555.0	1076.0	297.0	779.0
214477.0	200007.0	6501.0	449.0	4007.0	30.0	740.0	2743.0	396.0	2347.0
526823.0	466457.0	19374.0	651.0	10917.0	0.0	18104.0	11320.0	2473.0	8847.0
89871.0	84227.0	3992.0	0.0	375.0	0.0	208.0	1069.0	51.0	1018.0
135251.0	119399.0	2464.0	276.0	1884.0	0.0	8969.0	2259.0	1116.0	1143.0
355245.0	284205.0	22856.0	658.0	11498.0	0.0	26905.0	9123.0	3105.0	6018.0
321027.0	290631.0	11695.0	633.0	3407.0	0.0	10774.0	3887.0	1052.0	2835.0
117168.0	107783.0	5164.0	241.0	968.0	0.0	429.0	2583.0	135.0	2448.0
115655.0	105881.0	7015.0	109.0	731.0	0.0	242.0	1677.0	109.0	1568.0
168798.0	134373.0	21821.0	192.0	3385.0	235.0	3187.0	5605.0	653.0	4952.0
808460.0	660078.0	70623.0	1302.0	53462.0	64.0	6093.0	16838.0	1030.0	15808.0
299267.0	259233.0	15308.0	383.0	7795.0	0.0	7605.0	8943.0	1657.0	7286.0
94428.0	89254.0	3198.0	157.0	320.0	61.0	560.0	878.0	38.0	840.0
1547607.0	637549.0	667585.0	5680.0	99319.0	5151.0	87441.0	44882.0	8005.0	36877.0
147063.0	139224.0	3797.0	73.0	894.0	0.0	801.0	2274.0	302.0	1972.0
76957.0	73818.0	2072.0	151.0	61.0	0.0	164.0	691.0	126.0	565.0
208716.0	196349.0	5538.0	0.0	1307.0	0.0	704.0	4818.0	94.0	4724.0
363395.0	345272.0	9732.0	137.0	3501.0	0.0	939.0	3814.0	223.0	3591.0
437846.0	390175.0	25881.0	380.0	5632.0	28.0	6617.0	9133.0	888.0	8245.0
164843.0	153205.0	2036.0	221.0	4221.0	0.0	2262.0	2898.0	98.0	2800.0
82036.0	74490.0	2127.0	20.0	1478.0	55.0	878.0	2988.0	218.0	2770.0
628323.0	465751.0	61234.0	3428.0	24787.0	146.0	51683.0	21294.0	5469.0	15825.0
125946.0	117376.0	2199.0	1140.0	2470.0	0.0	1619.0	1142.0	185.0	957.0
162812.0	113060.0	40124.0	572.0	1148.0	0.0	5122.0	2786.0	28.0	2758.0
189355.0	151523.0	31950.0	397.0	1547.0	0.0	1408.0	2530.0	631.0	1899.0
168049.0	121243.0	31805.0	279.0	1850.0	0.0	8864.0	4008.0	665.0	3343.0
189781.0	127792.0	47432.0	1449.0	4316.0	103.0	3299.0	5390.0	547.0	4843.0
365162.0	244218.0	104574.0	706.0	4757.0	192.0	3148.0	7567.0	586.0	6981.0
142496.0	97943.0	35214.0	1351.0	2393.0	53.0	798.0	4744.0	216.0	4528.0
137948.0	75233.0	57188.0	76.0	1748.0	0.0	614.0	3089.0	75.0	3014.0
467605.0	358613.0	85780.0	1341.0	9939.0	389.0	4141.0	7402.0	679.0	6723.0
282285.0	228619.0	38279.0	1127.0	3220.0	123.0	4635.0	6282.0	620.0	5662.0
66223.0	47954.0	15922.0	0.0	225.0	0.0	210.0	1912.0	112.0	1800.0
270406.0	216423.0	38312.0	680.0	4081.0	63.0	4872.0	5975.0	1014.0	4961.0
74627.0	66140.0	6236.0	155.0	304.0	0.0	679.0	1113.0	491.0	622.0
91476.0	31838.0	56989.0	139.0	887.0	0.0	1048.0	575.0	13.0	562.0
119670.0	105468.0	8200.0	538.0	2339.0	0.0	1481.0	1644.0	726.0	918.0
393830.0	182639.0	182474.0	543.0	9314.0	158.0	8263.0	10439.0	1220.0	9219.0
288745.0	207181.0	58827.0	506.0	6229.0	248.0	9639.0	6115.0	1170.0	4945.0
108052.0	51022.0	48602.0	90.0	1479.0	0.0	3134.0	3725.0	0.0	3725.0
234635.0	177793.0	42894.0	1624.0	2881.0	42.0	2147.0	7254.0	557.0	6697.0
175037.0	151884.0	7481.0	5105.0	3292.0	0.0	4175.0	3100.0	562.0	2538.0
104347.0	87602.0	1135.0	7838.0	1286.0	290.0	652.0	5544.0	178.0	5366.0
75416.0	69527.0	2362.0	300.0	993.0	0.0	0.0	2234.0	56.0	2178.0
124177.0	116904.0	3858.0	407.0	1095.0	0.0	427.0	1486.0	0.0	1486.0
101134.0	93332.0	4900.0	168.0	443.0	0.0	349.0	1942.0	108.0	1834.0
648295.0	399025.0	181582.0	1151.0	21309.0	82.0	30049.0	15097.0	3211.0	11886.0
345545.0	259485.0	69736.0	405.0	7060.0	85.0	3533.0	5241.0	583.0	4658.0
441311.0	378701.0	40793.0	1035.0	8008.0	195.0	5265.0	7314.0	309.0	7005.0
81990.0	68802.0	9705.0	132.0	522.0	0.0	780.0	2049.0	0.0	2049.0
184468.0	132458.0	34769.0	1004.0	3652.0	901.0	4141.0	7543.0	1076.0	6467.0
66931.0	58731.0	5582.0	134.0	90.0	0.0	1408.0	986.0	237.0	749.0
274454.0	221599.0	35323.0	2284.0	7527.0	363.0	608.0	6750.0	440.0	6310.0
92512.0	88692.0	719.0	105.0	1164.0	61.0	779.0	992.0	0.0	992.0
940764.0	385327.0	491279.0	3159.0	23073.0	406.0	22688.0	14832.0	1013.0	13819.0
156786.0	148531.0	2693.0	454.0	776.0	0.0	1370.0	2962.0	4.0	2958.0
166123.0	146926.0	11430.0	419.0	1682.0	110.0	3063.0	2493.0	140.0	2353.0
125094.0	115835.0	4468.0	263.0	1697.0	89.0	324.0	2418.0	8.0	2410.0
192911.0	171429.0	8640.0	191.0	5806.0	0.0	3826.0	3019.0	184.0	2835.0
118961.0	106484.0	8211.0	385.0	1289.0	0.0	669.0	1923.0	175.0	1748.0
87597.0	68343.0	13680.0	1272.0	272.0	0.0	2728.0	1302.0	387.0	915.0
74763.0	64145.0	6160.0	755.0	317.0	0.0	2163.0	1223.0	110.0	1113.0
323037.0	211335.0	71911.0	1438.0	8404.0	2471.0	13540.0	13938.0	1596.0	12342.0
1785704.0	1323732.0	133225.0	13561.0	45161.0	2689.0	213733.0	53603.0	18183.0	35420.0
93148.0	64887.0	22009.0	487.0	805.0	0.0	2132.0	2828.0	30.0	2798.0
324769.0	237588.0	41436.0	668.0	18397.0	0.0	20067.0	6613.0	1430.0	5183.0
200665.0	146398.0	22442.0	936.0	11472.0	78.0	14715.0	4624.0	966.0	3658.0
415557.0	369977.0	3036.0	333.0	2964.0	29.0	36220.0	2998.0	1993.0	1005.0
834642.0	612519.0	75659.0	3852.0	98336.0	204.0	17523.0	26549.0	3955.0	22594.0
114384.0	106274.0	2584.0	694.0	1078.0	36.0	1193.0	2525.0	1098.0	1427.0
77231.0	53790.0	11271.0	935.0	1590.0	598.0	3910.0	5137.0	247.0	4890.0
2453843.0	1447684.0	547086.0	9210.0	131341.0	1919.0	258652.0	57951.0	19577.0	38374.0
707304.0	552477.0	60333.0	3094.0	49179.0	413.0	14555.0	27253.0	3706.0	23547.0
144325.0	125798.0	6403.0	798.0	1264.0	149.0	5878.0	4035.0	795.0	3240.0
153969.0	124699.0	14357.0	719.0	988.0	0.0	10297.0	2909.0	641.0	2268.0
827398.0	684421.0	28392.0	5189.0	9021.0	1156.0	81390.0	17829.0	6694.0	11135.0
627293.0	328337.0	130427.0	1375.0	110167.0	126.0	35416.0	21445.0	5895.0	15550.0
300484.0	234545.0	41053.0	797.0	9536.0	0.0	6996.0	7557.0	1574.0	5983.0
121935.0	104364.0	7776.0	1115.0	1038.0	137.0	4248.0	3257.0	1018.0	2239.0
122658.0	91500.0	23611.0	502.0	1561.0	751.0	2034.0	2699.0	788.0	1911.0
139841.0	118415.0	8270.0	789.0	2428.0	0.0	4066.0	5873.0	1239.0	4634.0
4253700.0	2707771.0	802756.0	19171.0	271154.0	3336.0	362599.0	86913.0	21607.0	65306.0
67450.0	48871.0	15444.0	0.0	453.0	0.0	1869.0	813.0	107.0	706.0
168990.0	145724.0	5406.0	528.0	1794.0	0.0	9519.0	6019.0	626.0	5393.0
806552.0	744374.0	5416.0	4714.0	8531.0	25.0	38984.0	4508.0	2294.0	2214.0
87079.0	70087.0	7475.0	1052.0	1083.0	0.0	6631.0	751.0	0.0	751.0
251813.0	147792.0	82751.0	950.0	9398.0	112.0	5516.0	5294.0	605.0	4689.0
153441.0	142505.0	3926.0	538.0	1291.0	603.0	1760.0	2818.0	94.0	2724.0
106753.0	88684.0	10141.0	575.0	842.0	0.0	3528.0	2983.0	154.0	2829.0
76571.0	61418.0	9080.0	253.0	476.0	0.0	4239.0	1105.0	437.0	668.0
285760.0	227755.0	20653.0	710.0	5640.0	525.0	22279.0	8198.0	2856.0	5342.0
238707.0	182970.0	34688.0	1070.0	3954.0	33.0	11050.0	4942.0	1106.0	3836.0
146645.0	124033.0	9960.0	604.0	2184.0	0.0	7896.0	1968.0	823.0	1145.0
485047.0	421045.0	19659.0	2079.0	11681.0	487.0	16600.0	13496.0	2653.0	10843.0
66034.0	48131.0	12830.0	266.0	1040.0	0.0	3070.0	697.0	455.0	242.0
347691.0	294256.0	14696.0	1858.0	6079.0	376.0	25533.0	4893.0	2056.0	2837.0
82977.0	72584.0	7358.0	683.0	773.0	46.0	802.0	731.0	168.0	563.0
119712.0	113017.0	1734.0	1838.0	975.0	0.0	1069.0	1079.0	181.0	898.0
122335.0	95074.0	11374.0	1046.0	5003.0	525.0	4963.0	4350.0	919.0	3431.0
125082.0	113841.0	2640.0	683.0	2200.0	279.0	2976.0	2463.0	106.0	2357.0
83021.0	72182.0	4085.0	275.0	1934.0	191.0	917.0	3437.0	993.0	2444.0
65600.0	59801.0	2291.0	1071.0	181.0	0.0	1505.0	751.0	203.0	548.0
214821.0	164384.0	39126.0	542.0	2931.0	51.0	4413.0	3374.0	735.0	2639.0
1880153.0	1357533.0	288666.0	8032.0	90156.0	2697.0	88281.0	44788.0	8048.0	36740.0
133473.0	110153.0	10109.0	427.0	2424.0	0.0	7328.0	3032.0	618.0	2414.0
113281.0	99826.0	5500.0	778.0	1459.0	0.0	2973.0	2745.0	889.0	1856.0
1095584.0	850287.0	92124.0	6192.0	63593.0	776.0	46816.0	35796.0	6662.0	29134.0
89269.0	73439.0	6053.0	362.0	1173.0	0.0	4121.0	4121.0	693.0	3428.0
259172.0	244094.0	329.0	570.0	2120.0	94.0	10416.0	1549.0	944.0	605.0
131559.0	108039.0	13165.0	903.0	2278.0	48.0	2237.0	4889.0	250.0	4639.0
456232.0	381818.0	29664.0	1154.0	23943.0	0.0	7708.0	11945.0	1211.0	10734.0
115520.0	106800.0	382.0	430.0	3324.0	35.0	2139.0	2410.0	289.0	2121.0
315809.0	284847.0	3695.0	2087.0	6968.0	1880.0	8192.0	8140.0	1820.0	6320.0
1063842.0	886681.0	18785.0	8916.0	38136.0	16304.0	67642.0	27378.0	3841.0	23537.0
540504.0	498321.0	2750.0	2620.0	7219.0	4571.0	10884.0	14139.0	1895.0	12244.0
144809.0	134580.0	833.0	1361.0	964.0	725.0	3251.0	3095.0	99.0	2996.0
236640.0	202717.0	3335.0	1923.0	2854.0	403.0	18739.0	6669.0	1327.0	5342.0
158504.0	145912.0	3938.0	592.0	4690.0	0.0	416.0	2956.0	72.0	2884.0
102251.0	82845.0	9409.0	638.0	4087.0	0.0	1810.0	3462.0	330.0	3132.0
221045.0	160578.0	19583.0	450.0	22006.0	293.0	13146.0	4989.0	739.0	4250.0
73658.0	68428.0	3589.0	0.0	402.0	0.0	633.0	606.0	0.0	606.0
323856.0	224250.0	72897.0	1065.0	10810.0	0.0	6197.0	8637.0	755.0	7882.0
1118602.0	702286.0	100754.0	2070.0	200927.0	468.0	60382.0	51715.0	9196.0	42519.0
66542.0	58539.0	4865.0	0.0	919.0	0.0	0.0	2219.0	147.0	2072.0
80317.0	72497.0	3580.0	78.0	1277.0	0.0	1000.0	1885.0	118.0	1767.0
100668.0	87316.0	8654.0	269.0	1259.0	0.0	703.0	2467.0	53.0	2414.0
314932.0	183692.0	95335.0	915.0	20734.0	189.0	5677.0	8390.0	474.0	7916.0
68967.0	55559.0	9067.0	573.0	2083.0	0.0	73.0	1612.0	381.0	1231.0
336898.0	223852.0	24977.0	830.0	53948.0	372.0	18799.0	14120.0	2227.0	11893.0
95194.0	83294.0	3698.0	0.0	5827.0	60.0	666.0	1649.0	10.0	1639.0
430289.0	273388.0	86032.0	847.0	33154.0	260.0	12817.0	23791.0	2665.0	21126.0
77391.0	73043.0	1360.0	442.0	418.0	0.0	1054.0	1074.0	0.0	1074.0
125684.0	93190.0	19261.0	569.0	2817.0	779.0	5489.0	3579.0	661.0	2918.0
134352.0	93950.0	22690.0	854.0	3149.0	379.0	7774.0	5556.0	891.0	4665.0
66146.0	51091.0	9604.0	100.0	3415.0	38.0	202.0	1696.0	112.0	1584.0
146294.0	94618.0	32065.0	227.0	9688.0	0.0	4256.0	5440.0	559.0	4881.0
228417.0	143877.0	67827.0	681.0	7209.0	103.0	1833.0	6887.0	707.0	6180.0
136836.0	58445.0	69705.0	652.0	3862.0	0.0	912.0	3260.0	239.0	3021.0
77113.0	49237.0	21565.0	246.0	1732.0	0.0	831.0	3502.0	1115.0	2387.0
180726.0	91747.0	71199.0	775.0	5015.0	209.0	3085.0	8696.0	125.0	8571.0
245782.0	117707.0	104236.0	995.0	6662.0	492.0	5743.0	9947.0	629.0	9318.0
96470.0	39785.0	51722.0	176.0	946.0	93.0	1028.0	2720.0	341.0	2379.0
210309.0	91110.0	103831.0	1123.0	3887.0	72.0	3263.0	7023.0	507.0	6516.0
97469.0	62594.0	26434.0	792.0	2104.0	68.0	268.0	5209.0	766.0	4443.0
85181.0	44969.0	35709.0	105.0	1414.0	0.0	137.0	2847.0	121.0	2726.0
447021.0	303805.0	86078.0	976.0	28845.0	347.0	6195.0	20775.0	2809.0	17966.0
182398.0	151665.0	2940.0	1253.0	4644.0	324.0	15393.0	6179.0	1285.0	4894.0
73687.0	66610.0	471.0	1180.0	684.0	45.0	3575.0	1122.0	656.0	466.0
71863.0	63079.0	313.0	3830.0	1375.0	26.0	682.0	2558.0	0.0	2558.0
438287.0	371097.0	8642.0	2898.0	19723.0	3475.0	14983.0	17469.0	1834.0	15635.0
101996.0	91985.0	952.0	1102.0	1050.0	406.0	1585.0	4916.0	756.0	4160.0
85845.0	52133.0	1140.0	353.0	2503.0	75.0	27503.0	2138.0	657.0	1481.0
91723.0	64080.0	425.0	1883.0	1061.0	61.0	21876.0	2337.0	598.0	1739.0
71692.0	62670.0	1016.0	3259.0	1336.0	81.0	1417.0	1913.0	45.0	1868.0
79177.0	68554.0	1769.0	540.0	4025.0	501.0	914.0	2874.0	212.0	2662.0
2007440.0	1382788.0	125207.0	14696.0	295803.0	15019.0	55311.0	118616.0	12518.0	106098.0
254991.0	209776.0	6272.0	3144.0	11608.0	1945.0	3363.0	18883.0	1461.0	17422.0
75621.0	70261.0	672.0	443.0	541.0	6.0	578.0	3120.0	63.0	3057.0
811681.0	609590.0	55043.0	10768.0	48093.0	10765.0	22294.0	55128.0	3462.0	51666.0
118222.0	104154.0	686.0	1814.0	2498.0	191.0	4906.0	3973.0	713.0	3260.0
733036.0	582514.0	17773.0	6757.0	68222.0	2815.0	14921.0	40034.0	3734.0	36300.0
475735.0	422642.0	8695.0	6960.0	11579.0	1359.0	6998.0	17502.0	1058.0	16444.0
258332.0	216562.0	7559.0	3604.0	15116.0	1856.0	1774.0	11861.0	1365.0	10496.0
205262.0	176536.0	1909.0	6430.0	7583.0	634.0	4409.0	7761.0	1140.0	6621.0
246977.0	197176.0	1951.0	9786.0	3081.0	276.0	28108.0	6599.0	2115.0	4484.0
96974.0	88340.0	4863.0	256.0	1060.0	0.0	91.0	2364.0	0.0	2364.0
69141.0	66260.0	1249.0	212.0	256.0	292.0	214.0	658.0	0.0	658.0
192179.0	170045.0	7387.0	599.0	2335.0	0.0	305.0	11508.0	18.0	11490.0
100332.0	90879.0	3341.0	393.0	3201.0	0.0	457.0	2061.0	201.0	1860.0
79021.0	69818.0	7204.0	0.0	784.0	0.0	47.0	1168.0	271.0	897.0
253032.0	224656.0	5536.0	6271.0	7824.0	0.0	3023.0	5722.0	597.0	5125.0
503523.0	426969.0	27822.0	1583.0	26240.0	0.0	8464.0	12445.0	1987.0	10458.0
88415.0	83306.0	2564.0	404.0	649.0	0.0	846.0	646.0	54.0	592.0
100677.0	93363.0	884.0	303.0	3766.0	0.0	827.0	1534.0	143.0	1391.0
101843.0	95075.0	1295.0	455.0	469.0	39.0	2505.0	2005.0	0.0	2005.0
84498.0	79770.0	429.0	134.0	731.0	0.0	2233.0	1201.0	241.0	960.0
167936.0	148141.0	11960.0	678.0	2344.0	37.0	1553.0	3223.0	567.0	2656.0
116461.0	106609.0	1824.0	417.0	5035.0	0.0	603.0	1973.0	156.0	1817.0
80671.0	76277.0	227.0	617.0	1994.0	0.0	572.0	984.0	11.0	973.0
134735.0	123862.0	1107.0	313.0	7422.0	0.0	309.0	1722.0	61.0	1661.0
955205.0	591149.0	251849.0	6244.0	33339.0	124.0	43771.0	28729.0	3429.0	25300.0
178816.0	162970.0	2189.0	2615.0	5606.0	86.0	2504.0	2846.0	218.0	2628.0
86823.0	82535.0	966.0	240.0	1716.0	0.0	113.0	1253.0	132.0	1121.0
70433.0	66549.0	61.0	163.0	2528.0	0.0	126.0	1006.0	344.0	662.0
194797.0	159418.0	21106.0	1480.0	1725.0	141.0	5739.0	5188.0	1247.0	3941.0
160418.0	144337.0	4778.0	467.0	1625.0	0.0	1782.0	7429.0	620.0	6809.0
85242.0	81981.0	553.0	659.0	571.0	0.0	224.0	1254.0	121.0	1133.0
115009.0	103877.0	1334.0	112.0	5951.0	0.0	1711.0	2024.0	295.0	1729.0
102851.0	94243.0	655.0	222.0	722.0	260.0	3935.0	2814.0	1322.0	1492.0
132661.0	126432.0	1372.0	237.0	1270.0	42.0	796.0	2512.0	681.0	1831.0
392292.0	364571.0	5999.0	990.0	10558.0	150.0	4397.0	5627.0	1378.0	4249.0
168794.0	156269.0	3337.0	946.0	3791.0	22.0	1319.0	3110.0	91.0	3019.0
74424.0	70886.0	197.0	1193.0	914.0	0.0	272.0	962.0	280.0	682.0
94483.0	83814.0	2405.0	779.0	946.0	10.0	3045.0	3484.0	185.0	3299.0
78621.0	72682.0	526.0	1056.0	462.0	0.0	480.0	3415.0	327.0	3088.0
