203709.0	174923.0	23049.0	1917.0	303.0	0.0	1383.0	2134.0	812.0	1322.0
115620.0	86053.0	22709.0	176.0	1229.0	0.0	1787.0	3666.0	84.0	3582.0
82005.0	80309.0	475.0	99.0	218.0	0.0	598.0	306.0	0.0	306.0
71130.0	60748.0	1274.0	541.0	146.0	2319.0	4605.0	1497.0	103.0	1394.0
81468.0	61760.0	17971.0	7.0	207.0	0.0	166.0	1357.0	0.0	1357.0
104173.0	72292.0	27689.0	309.0	880.0	140.0	579.0	2284.0	183.0	2101.0
660367.0	345005.0	282511.0	1260.0	10861.0	711.0	11996.0	8023.0	643.0	7380.0
92596.0	80447.0	9741.0	462.0	492.0	0.0	0.0	1454.0	93.0	1361.0
156993.0	110378.0	36539.0	231.0	5714.0	0.0	1476.0	2655.0	204.0	2451.0
91663.0	73933.0	12229.0	839.0	1155.0	0.0	1557.0	1950.0	145.0	1805.0
353089.0	243431.0	85184.0	1755.0	8967.0	344.0	2579.0	10829.0	1001.0	9828.0
94725.0	88843.0	2604.0	213.0	46.0	73.0	941.0	2005.0	223.0	1782.0
415395.0	246791.0	145156.0	3371.0	8444.0	0.0	3968.0	7665.0	599.0	7066.0
226519.0	86467.0	128205.0	273.0	4930.0	100.0	1624.0	4920.0	734.0	4186.0
119565.0	99867.0	15507.0	276.0	1056.0	29.0	497.0	2333.0	0.0	2333.0
87074.0	75170.0	8725.0	215.0	827.0	0.0	1360.0	777.0	33.0	744.0
208713.0	167146.0	25871.0	455.0	4540.0	118.0	8127.0	2456.0	63.0	2393.0
203976.0	133226.0	63340.0	288.0	2904.0	275.0	1447.0	2496.0	0.0	2496.0
298695.0	188025.0	18385.0	19466.0	29106.0	5556.0	9587.0	28570.0	2129.0	26441.0
99631.0	75321.0	4427.0	6741.0	2886.0	96.0	564.0	9596.0	0.0	9596.0
101095.0	83939.0	1275.0	4661.0	1383.0	291.0	572.0	8974.0	419.0	8555.0
126427.0	106336.0	5812.0	1130.0	2729.0	194.0	4879.0	5347.0	336.0	5011.0
139097.0	88124.0	1772.0	37506.0	2582.0	183.0	4698.0	4232.0	439.0	3793.0
4167947.0	3257173.0	228439.0	80471.0	166727.0	8245.0	292856.0	134036.0	26969.0	107067.0
204737.0	184801.0	2453.0	5760.0	2743.0	130.0	4647.0	4203.0	1024.0	3179.0
108277.0	51800.0	1107.0	47730.0	674.0	0.0	4281.0	2685.0	139.0	2546.0
1010025.0	776470.0	36666.0	37188.0	29545.0	1374.0	90312.0	38470.0	9561.0	28909.0
406584.0	314363.0	17831.0	21601.0	6433.0	587.0	29109.0	16660.0	4373.0	12287.0
222255.0	204325.0	1082.0	3586.0	2243.0	297.0	3908.0	6814.0	502.0	6312.0
204275.0	153529.0	4512.0	3259.0	2723.0	198.0	35694.0	4360.0	980.0	3380.0
249672.0	219875.0	4698.0	3121.0	8876.0	1003.0	4419.0	7680.0	809.0	6871.0
104354.0	82830.0	13170.0	1473.0	1373.0	0.0	1842.0	3666.0	0.0	3666.0
121552.0	100842.0	13615.0	436.0	1863.0	0.0	1990.0	2806.0	98.0	2708.0
97177.0	84540.0	7660.0	395.0	479.0	0.0	976.0	3127.0	87.0	3040.0
71645.0	63099.0	4248.0	603.0	469.0	260.0	1786.0	1180.0	46.0	1134.0
392664.0	226517.0	143424.0	1543.0	9264.0	141.0	5201.0	6574.0	1535.0	5039.0
117460.0	105327.0	8105.0	497.0	1683.0	121.0	128.0	1599.0	148.0	1451.0
127780.0	101037.0	9701.0	1739.0	5331.0	0.0	5896.0	4076.0	933.0	3143.0
225477.0	176924.0	8076.0	1238.0	5454.0	5059.0	20624.0	8102.0	1072.0	7030.0
1638215.0	701135.0	180957.0	10588.0	474507.0	14524.0	157558.0	98946.0	16443.0	82503.0
225411.0	186531.0	2581.0	3154.0	10559.0	331.0	9240.0	13015.0	1720.0	11295.0
1126745.0	639657.0	100354.0	6112.0	182666.0	6127.0	124324.0	67505.0	14375.0	53130.0
184452.0	162276.0	1472.0	1608.0	7301.0	199.0	3801.0	7795.0	697.0	7098.0
974861.0	630159.0	46705.0	9346.0	99606.0	1950.0	153441.0	33654.0	6819.0	26835.0
135727.0	108203.0	1712.0	6951.0	4475.0	97.0	7056.0	7233.0	200.0	7033.0
180191.0	126599.0	5113.0	2557.0	3377.0	104.0	36062.0	6379.0	2935.0	3444.0
882176.0	684691.0	50286.0	7248.0	40891.0	2185.0	69878.0	26997.0	7867.0	19130.0
150965.0	99811.0	9167.0	2316.0	7163.0	754.0	26474.0	5280.0	764.0	4516.0
64591.0	50558.0	1005.0	2395.0	483.0	230.0	7631.0	2289.0	300.0	1989.0
10170292.0	5285352.0	836460.0	71427.0	1471602.0	29126.0	2110314.0	366011.0	104681.0	261330.0
154998.0	126455.0	4938.0	1446.0	2886.0	126.0	13191.0	5956.0	1906.0	4050.0
261221.0	202246.0	6976.0	961.0	15065.0	1062.0	22875.0	12036.0	2541.0	9495.0
87649.0	74078.0	453.0	4243.0	2373.0	159.0	1788.0	4555.0	1056.0	3499.0
268455.0	154331.0	8873.0	1519.0	19689.0	660.0	70482.0	12901.0	3228.0	9673.0
433898.0	287032.0	10672.0	3036.0	24390.0	2048.0	86646.0	20074.0	3602.0	16472.0
142456.0	97452.0	2941.0	1115.0	12061.0	294.0	24842.0	3751.0	555.0	3196.0
98877.0	90475.0	660.0	2498.0	1448.0	82.0	1473.0	2241.0	297.0	1944.0
3169776.0	1982432.0	53969.0	14049.0	622001.0	10388.0	372652.0	114285.0	22660.0	91625.0
375391.0	307761.0	7119.0	1442.0	26067.0	800.0	12874.0	19328.0	2476.0	16852.0
2361026.0	1485957.0	148768.0	18900.0	149939.0	6616.0	450803.0	100043.0	25716.0	74327.0
1501335.0	897925.0	147797.0	8889.0	233519.0	16679.0	94383.0	102143.0	16394.0	85749.0
2128133.0	1303554.0	177777.0	15455.0	149602.0	6867.0	378432.0	96446.0	29055.0	67391.0
3299521.0	2335380.0	168575.0	17356.0	387324.0	14434.0	218792.0	157660.0	28227.0	129433.0
864816.0	409361.0	44843.0	2945.0	301034.0	3769.0	64455.0	38409.0	4986.0	33423.0
726106.0	418597.0	48452.0	3606.0	110506.0	2624.0	67173.0	75148.0	8534.0	66614.0
281401.0	237929.0	5614.0	2132.0	10000.0	569.0	16106.0	9051.0	894.0	8157.0
765135.0	389719.0	18283.0	2314.0	213204.0	10614.0	93486.0	37515.0	5233.0	32282.0
444769.0	350900.0	9359.0	3294.0	25156.0	564.0	38693.0	16803.0	3916.0	12887.0
1918044.0	869075.0	47419.0	8435.0	667182.0	9210.0	226309.0	90414.0	18198.0	72216.0
274146.0	210341.0	2288.0	1985.0	12048.0	268.0	34287.0	12929.0	2316.0	10613.0
179533.0	155875.0	2539.0	4791.0	6066.0	34.0	2571.0	7657.0	2049.0	5608.0
436092.0	233286.0	61550.0	2367.0	67196.0	3673.0	37689.0	30331.0	4487.0	25844.0
502146.0	384475.0	7678.0	4403.0	19128.0	1061.0	52827.0	32574.0	8061.0	24513.0
538388.0	407401.0	14771.0	3860.0	30326.0	4218.0	55594.0	22218.0	5253.0	16965.0
96463.0	67966.0	1053.0	939.0	15125.0	362.0	4039.0	6979.0	699.0	6280.0
459863.0	360593.0	6744.0	5240.0	16117.0	828.0	56988.0	13353.0	3851.0	9502.0
850536.0	686076.0	14338.0	8213.0	62400.0	2044.0	43320.0	34145.0	5662.0	28483.0
213016.0	140351.0	5669.0	809.0	29518.0	606.0	24790.0	11273.0	1833.0	9440.0
74492.0	52039.0	2375.0	504.0	5994.0	164.0	7168.0	6248.0	603.0	5645.0
491337.0	409072.0	15769.0	6146.0	18115.0	533.0	25364.0	16338.0	1967.0	14371.0
631096.0	452681.0	64427.0	3056.0	34741.0	1413.0	41706.0	33072.0	5800.0	27272.0
319372.0	286798.0	2038.0	1203.0	14486.0	92.0	4488.0	10267.0	956.0	9311.0
65065.0	56289.0	564.0	43.0	4476.0	0.0	1641.0	2052.0	176.0	1876.0
682545.0	526428.0	64692.0	6897.0	23327.0	474.0	36631.0	24096.0	4296.0	19800.0
322387.0	287318.0	4276.0	1105.0	13399.0	833.0	5675.0	9781.0	1340.0	8441.0
674471.0	533295.0	45088.0	3949.0	19828.0	2813.0	34081.0	35417.0	4620.0	30797.0
565524.0	511780.0	6755.0	3493.0	15012.0	210.0	10080.0	18194.0	3148.0	15046.0
333577.0	306923.0	3553.0	1448.0	6946.0	391.0	4082.0	10234.0	1454.0	8780.0
148513.0	140608.0	1338.0	294.0	739.0	1178.0	875.0	3481.0	334.0	3147.0
163591.0	128052.0	3707.0	7643.0	1905.0	0.0	15345.0	6939.0	1981.0	4958.0
285174.0	260541.0	2742.0	3076.0	4172.0	61.0	6564.0	8018.0	2498.0	5520.0
948053.0	698939.0	110503.0	1120.0	48626.0	405.0	56326.0	32134.0	9049.0	23085.0
895841.0	643989.0	124104.0	2820.0	43178.0	0.0	53287.0	28463.0	7615.0	20848.0
183603.0	171527.0	2936.0	373.0	3548.0	68.0	1669.0	3482.0	1392.0	2090.0
164063.0	145227.0	8151.0	0.0	4775.0	0.0	2045.0	3865.0	405.0	3460.0
859470.0	633320.0	112785.0	1794.0	36649.0	0.0	51792.0	23130.0	7672.0	15458.0
271863.0	217247.0	15220.0	1471.0	10957.0	0.0	9937.0	17031.0	1262.0	15769.0
151420.0	133224.0	4918.0	93.0	7032.0	0.0	2887.0	3266.0	624.0	2642.0
116573.0	104470.0	1954.0	1222.0	1484.0	46.0	2164.0	5233.0	6.0	5227.0
173533.0	115814.0	43223.0	876.0	3441.0	174.0	3407.0	6598.0	839.0	5759.0
556779.0	361425.0	135042.0	1322.0	29976.0	160.0	12864.0	15990.0	2008.0	13982.0
215622.0	177665.0	25598.0	923.0	2697.0	0.0	2886.0	5853.0	653.0	5200.0
672228.0	269143.0	318831.0	1661.0	25944.0	475.0	34797.0	21377.0	3583.0	17794.0
259964.0	182337.0	51528.0	1124.0	16280.0	136.0	1369.0	7190.0	457.0	6733.0
181635.0	148553.0	20346.0	509.0	4365.0	0.0	888.0	6974.0	470.0	6504.0
568088.0	471430.0	57147.0	1984.0	12952.0	995.0	6879.0	16701.0	1419.0	15282.0
1896425.0	1162981.0	540465.0	3816.0	67759.0	988.0	63647.0	56769.0	10491.0	46278.0
173115.0	155857.0	9820.0	799.0	2183.0	0.0	746.0	3710.0	832.0	2878.0
141058.0	131809.0	4043.0	331.0	2301.0	0.0	30.0	2544.0	134.0	2410.0
203967.0	164663.0	21303.0	254.0	6792.0	340.0	2783.0	7832.0	2266.0	5566.0
357305.0	319302.0	25156.0	725.0	4034.0	0.0	3191.0	4897.0	1094.0	3803.0
68348.0	52746.0	12512.0	133.0	832.0	0.0	461.0	1664.0	324.0	1340.0
913010.0	557785.0	270079.0	1327.0	42063.0	1121.0	9770.0	30865.0	3097.0	27768.0
311003.0	212859.0	65122.0	836.0	7825.0	296.0	4566.0	19499.0	1477.0	18022.0
105392.0	86837.0	11378.0	325.0	2360.0	0.0	2196.0	2296.0	340.0	1956.0
178439.0	158976.0	9660.0	160.0	2204.0	121.0	3059.0	4259.0	236.0	4023.0
99491.0	78734.0	9886.0	142.0	1163.0	0.0	7502.0	2064.0	253.0	1811.0
1349050.0	945613.0	223120.0	3641.0	52592.0	875.0	78218.0	44991.0	9313.0	35678.0
147919.0	129463.0	13365.0	6.0	1862.0	0.0	649.0	2574.0	146.0	2428.0
325875.0	273431.0	32429.0	1166.0	5719.0	0.0	5261.0	7869.0	1191.0	6678.0
701982.0	600765.0	61326.0	462.0	11120.0	280.0	14198.0	13831.0	2179.0	11652.0
286272.0	177414.0	88471.0	673.0	9430.0	101.0	2177.0	8006.0	360.0	7646.0
363369.0	313730.0	33227.0	174.0	7645.0	56.0	2841.0	5696.0	224.0	5472.0
343254.0	281114.0	45593.0	494.0	5893.0	326.0	3488.0	6346.0	632.0	5714.0
156283.0	137868.0	9010.0	595.0	2413.0	0.0	5053.0	1344.0	67.0	1277.0
2693117.0	2032881.0	495903.0	1741.0	42970.0	310.0	79066.0	40246.0	13180.0	27066.0
77482.0	69180.0	5711.0	110.0	521.0	0.0	323.0	1637.0	364.0	1273.0
198664.0	158059.0	21964.0	307.0	5259.0	0.0	5280.0	7795.0	402.0	7393.0
1288126.0	829874.0	263369.0	2783.0	68409.0	1617.0	85157.0	36917.0	6605.0	30312.0
323993.0	234791.0	36530.0	1274.0	8414.0	340.0	30308.0	12336.0	4291.0	8045.0
1422789.0	1052547.0	259040.0	2400.0	36883.0	339.0	41437.0	30143.0	9441.0	20702.0
497909.0	438341.0	27792.0	2548.0	12256.0	405.0	5729.0	10838.0	2089.0	8749.0
949827.0	781900.0	97404.0	2801.0	32986.0	871.0	8537.0	25328.0	3214.0	22114.0
650092.0	510686.0	98182.0	1953.0	11084.0	267.0	12095.0	15825.0	3200.0	12625.0
72023.0	57777.0	12485.0	130.0	369.0	0.0	326.0	936.0	230.0	706.0
226640.0	199165.0	13284.0	947.0	7032.0	0.0	1660.0	4552.0	582.0	3970.0
298563.0	219571.0	57621.0	1797.0	6434.0	0.0	6588.0	6552.0	1498.0	5054.0
167040.0	141407.0	8081.0	601.0	3159.0	271.0	4077.0	9444.0	858.0	8586.0
405549.0	371156.0	20147.0	418.0	5799.0	70.0	2217.0	5742.0	348.0	5394.0
449144.0	354278.0	52300.0	977.0	19083.0	381.0	9589.0	12536.0	1761.0	10775.0
118891.0	109243.0	6147.0	573.0	161.0	0.0	1636.0	1131.0	278.0	853.0
517887.0	433560.0	56739.0	1210.0	9120.0	477.0	6732.0	10049.0	1763.0	8286.0
75370.0	60450.0	8006.0	55.0	2466.0	0.0	2187.0	2206.0	329.0	1877.0
102747.0	82148.0	11701.0	770.0	817.0	0.0	5925.0	1386.0	417.0	969.0
153721.0	63217.0	84416.0	195.0	2898.0	0.0	1647.0	1348.0	205.0	1143.0
72651.0	47601.0	21033.0	302.0	1568.0	0.0	1145.0	1002.0	0.0	1002.0
114545.0	87072.0	22137.0	203.0	772.0	53.0	1882.0	2426.0	284.0	2142.0
286956.0	151610.0	113172.0	1040.0	8729.0	0.0	4234.0	8171.0	1093.0	7078.0
235900.0	206477.0	15368.0	342.0	4229.0	0.0	3673.0	5811.0	1403.0	4408.0
123912.0	78175.0	33751.0	58.0	4998.0	257.0	3839.0	2834.0	81.0	2753.0
273955.0	55071.0	183597.0	190.0	14513.0	0.0	14706.0	5878.0	1459.0	4419.0
741334.0	440890.0	199374.0	1103.0	37955.0	496.0	41382.0	20134.0	2839.0	17295.0
144052.0	107599.0	23518.0	389.0	4170.0	0.0	1938.0	6438.0	146.0	6292.0
138427.0	105598.0	25577.0	132.0	2245.0	0.0	1412.0	3463.0	303.0	3160.0
734871.0	255926.0	397016.0	5917.0	43858.0	70.0	16841.0	15243.0	1713.0	13530.0
91332.0	26045.0	63173.0	340.0	461.0	4.0	257.0	1052.0	39.0	1013.0
140733.0	66598.0	62311.0	51.0	2403.0	0.0	5769.0	3601.0	772.0	2829.0
110714.0	76899.0	24033.0	99.0	4501.0	0.0	1548.0	3634.0	787.0	2847.0
96504.0	73949.0	14466.0	146.0	1618.0	0.0	4235.0	2090.0	1001.0	1089.0
212438.0	177310.0	6402.0	346.0	21652.0	159.0	1569.0	5000.0	345.0	4655.0
1010562.0	457848.0	446830.0	4349.0	69031.0	481.0	14370.0	17653.0	1801.0	15852.0
83579.0	57387.0	22239.0	305.0	329.0	39.0	890.0	2390.0	326.0	2064.0
895823.0	462519.0	238406.0	2818.0	101864.0	583.0	63479.0	26154.0	3855.0	22299.0
193535.0	163978.0	14588.0	280.0	3483.0	0.0	8218.0	2988.0	166.0	2822.0
217739.0	109928.0	89920.0	0.0	6668.0	78.0	3736.0	7409.0	3435.0	3974.0
150033.0	92923.0	43992.0	266.0	4699.0	0.0	1735.0	6418.0	1422.0	4996.0
62467.0	30295.0	25600.0	553.0	1611.0	329.0	1083.0	2996.0	658.0	2338.0
112865.0	66001.0	40913.0	80.0	2171.0	0.0	1676.0	2024.0	383.0	1641.0
200579.0	90995.0	90408.0	676.0	4487.0	665.0	5598.0	7750.0	1017.0	6733.0
105473.0	56170.0	44362.0	84.0	773.0	0.0	664.0	3420.0	511.0	2909.0
152238.0	113463.0	25413.0	230.0	2441.0	51.0	4735.0	5905.0	1200.0	4705.0
201793.0	77245.0	112068.0	480.0	3770.0	0.0	3446.0	4784.0	1562.0	3222.0
88856.0	38307.0	45041.0	0.0	1679.0	0.0	913.0	2916.0	394.0	2522.0
69763.0	41524.0	24879.0	256.0	1193.0	0.0	672.0	1239.0	338.0	901.0
88399.0	69786.0	16955.0	0.0	102.0	39.0	474.0	1043.0	312.0	731.0
104216.0	90438.0	4605.0	233.0	1556.0	0.0	6066.0	1318.0	624.0	694.0
196428.0	65100.0	1216.0	1867.0	42479.0	25645.0	1738.0	58383.0	719.0	57664.0
998714.0	223187.0	27170.0	1393.0	416998.0	85776.0	6628.0	237562.0	5878.0	231684.0
71735.0	22644.0	113.0	473.0	26406.0	7156.0	444.0	14499.0	225.0	14274.0
164593.0	61299.0	1145.0	166.0	45384.0	15545.0	1325.0	39729.0	664.0	39065.0
434211.0	397109.0	5528.0	2079.0	9958.0	537.0	4234.0	14766.0	1398.0	13368.0
83744.0	75407.0	723.0	2783.0	1078.0	340.0	1466.0	1947.0	568.0	1379.0
110089.0	99847.0	219.0	167.0	1862.0	74.0	5304.0	2616.0	270.0	2346.0
207478.0	182834.0	563.0	3024.0	1607.0	694.0	11470.0	7286.0	1014.0	6272.0
150346.0	141615.0	387.0	1905.0	937.0	0.0	601.0	4901.0	541.0	4360.0
82375.0	76635.0	0.0	607.0	1940.0	0.0	1252.0	1941.0	25.0	1916.0
67013.0	62245.0	2316.0	448.0	677.0	18.0	0.0	1309.0	77.0	1232.0
208861.0	150037.0	26513.0	277.0	22294.0	409.0	4064.0	5267.0	584.0	4683.0
5238216.0	2951389.0	1239299.0	14702.0	368205.0	2413.0	534180.0	128028.0	30923.0	97105.0
104352.0	87553.0	8260.0	100.0	2393.0	0.0	4236.0	1810.0	116.0	1694.0
933736.0	729248.0	45855.0	2979.0	106949.0	285.0	26906.0	21514.0	3849.0	17665.0
530847.0	388540.0	31482.0	993.0	21060.0	171.0	77720.0	10881.0	3427.0	7454.0
110879.0	87939.0	17543.0	81.0	1267.0	85.0	2471.0	1493.0	249.0	1244.0
123355.0	103479.0	10033.0	0.0	4179.0	0.0	3463.0	2201.0	284.0	1917.0
703910.0	563399.0	48996.0	1053.0	50634.0	127.0	20328.0	19373.0	2581.0	16792.0
111333.0	103860.0	2863.0	60.0	895.0	0.0	1663.0	1992.0	461.0	1531.0
307343.0	282092.0	4926.0	94.0	9166.0	242.0	6371.0	4452.0	687.0	3765.0
173166.0	144111.0	14618.0	307.0	8250.0	79.0	1493.0	4308.0	304.0	4004.0
107303.0	82873.0	15646.0	157.0	981.0	0.0	1522.0	6124.0	9.0	6115.0
266209.0	233920.0	23106.0	678.0	2302.0	0.0	527.0	5676.0	812.0	4864.0
186221.0	135122.0	32746.0	326.0	7155.0	56.0	3847.0	6969.0	573.0	6396.0
146133.0	119934.0	13435.0	342.0	3577.0	0.0	3799.0	5046.0	622.0	4424.0
264052.0	171465.0	78890.0	446.0	3683.0	114.0	2251.0	7203.0	505.0	6698.0
198712.0	163055.0	24118.0	140.0	4164.0	0.0	1437.0	5798.0	152.0	5646.0
134800.0	129150.0	1767.0	48.0	1473.0	0.0	593.0	1769.0	138.0	1631.0
79282.0	65527.0	11304.0	175.0	540.0	0.0	512.0	1224.0	8.0	1216.0
687263.0	507289.0	78914.0	965.0	35846.0	130.0	46167.0	17952.0	3864.0	14088.0
67466.0	61520.0	3446.0	143.0	550.0	0.0	10.0	1797.0	219.0	1578.0
287078.0	225216.0	36612.0	1233.0	7070.0	15.0	8349.0	8583.0	822.0	7761.0
368450.0	294139.0	40592.0	996.0	12389.0	649.0	4863.0	14822.0	1903.0	12919.0
81162.0	71122.0	1463.0	580.0	4053.0	317.0	2175.0	1452.0	104.0	1348.0
115371.0	100938.0	8326.0	359.0	1411.0	0.0	1536.0	2801.0	58.0	2743.0
116852.0	103006.0	9095.0	208.0	1852.0	104.0	38.0	2549.0	238.0	2311.0
203474.0	178528.0	12157.0	881.0	2820.0	121.0	5677.0	3290.0	568.0	2722.0
76778.0	69206.0	4126.0	411.0	774.0	0.0	822.0	1439.0	0.0	1439.0
309697.0	271218.0	11636.0	50.0	18379.0	0.0	1171.0	7243.0	1163.0	6080.0
158192.0	139640.0	9350.0	881.0	4415.0	0.0	1790.0	2116.0	113.0	2003.0
82556.0	72425.0	5570.0	228.0	1015.0	185.0	397.0	2736.0	504.0	2232.0
149633.0	136723.0	3895.0	56.0	3836.0	0.0	3323.0	1800.0	494.0	1306.0
78620.0	74287.0	614.0	15.0	690.0	0.0	1329.0	1685.0	155.0	1530.0
487865.0	298738.0	116842.0	991.0	7500.0	134.0	48793.0	14867.0	3476.0	11391.0
110884.0	91608.0	12846.0	0.0	331.0	0.0	2155.0	3944.0	1352.0	2592.0
129723.0	114069.0	9717.0	143.0	200.0	63.0	853.0	4678.0	266.0	4412.0
939020.0	599418.0	255320.0	2784.0	27116.0	0.0	27210.0	27172.0	1511.0	25661.0
144705.0	125012.0	3772.0	143.0	9680.0	50.0	723.0	5325.0	482.0	4843.0
167688.0	152922.0	5128.0	176.0	2468.0	449.0	2095.0	4450.0	490.0	3960.0
268441.0	213013.0	33037.0	530.0	6324.0	233.0	5469.0	9835.0	875.0	8960.0
185826.0	154369.0	8833.0	349.0	14279.0	0.0	3448.0	4548.0	686.0	3862.0
181877.0	155669.0	17396.0	116.0	2393.0	0.0	1923.0	4380.0	65.0	4315.0
107896.0	94375.0	5434.0	343.0	1992.0	0.0	355.0	5397.0	463.0	4934.0
67001.0	59770.0	2711.0	608.0	536.0	0.0	1071.0	2305.0	89.0	2216.0
133455.0	110880.0	12405.0	320.0	1902.0	94.0	5385.0	2469.0	99.0	2370.0
80133.0	73043.0	480.0	109.0	3394.0	0.0	1112.0	1995.0	179.0	1816.0
97125.0	89826.0	3407.0	117.0	1188.0	670.0	862.0	1055.0	234.0	821.0
144251.0	119451.0	9534.0	260.0	8666.0	406.0	3587.0	2347.0	48.0	2299.0
219916.0	195934.0	9147.0	654.0	4014.0	40.0	1268.0	8859.0	645.0	8214.0
467711.0	398389.0	30172.0	2493.0	18941.0	884.0	5144.0	11688.0	648.0	11040.0
93671.0	86781.0	1859.0	375.0	894.0	0.0	2453.0	1309.0	292.0	1017.0
172126.0	147701.0	12590.0	274.0	4612.0	29.0	1359.0	5561.0	576.0	4985.0
96021.0	83870.0	786.0	718.0	8455.0	0.0	304.0	1888.0	9.0	1879.0
102782.0	88153.0	3403.0	1672.0	3110.0	289.0	4076.0	2079.0	298.0	1781.0
66741.0	62212.0	2261.0	348.0	113.0	0.0	25.0	1782.0	501.0	1281.0
118053.0	98451.0	5503.0	3556.0	5229.0	0.0	1305.0	4009.0	361.0	3648.0
580159.0	501387.0	26579.0	1592.0	27766.0	546.0	4675.0	17614.0	666.0	16948.0
79315.0	66506.0	6982.0	363.0	1125.0	0.0	1178.0	3161.0	26.0	3135.0
75247.0	61467.0	4177.0	419.0	3611.0	515.0	1557.0	3501.0	559.0	2942.0
511574.0	406029.0	49124.0	6266.0	25284.0	274.0	9169.0	15428.0	1515.0	13913.0
178725.0	149126.0	13740.0	1845.0	2616.0	329.0	3328.0	7741.0	241.0	7500.0
163369.0	99979.0	37847.0	669.0	6641.0	23.0	10849.0	7361.0	1576.0	5785.0
127712.0	116438.0	3752.0	57.0	3735.0	0.0	1540.0	2190.0	0.0	2190.0
92066.0	85371.0	3051.0	15.0	936.0	0.0	1110.0	1583.0	81.0	1502.0
73309.0	53061.0	15737.0	635.0	815.0	571.0	131.0	2359.0	164.0	2195.0
99259.0	89207.0	4412.0	316.0	1122.0	0.0	276.0	3926.0	5.0	3921.0
314488.0	238806.0	45159.0	679.0	11090.0	85.0	7647.0	11022.0	735.0	10287.0
106439.0	85308.0	12431.0	105.0	2255.0	802.0	550.0	4988.0	0.0	4988.0
763623.0	555775.0	159549.0	1715.0	19423.0	424.0	5338.0	21399.0	871.0	20528.0
165012.0	148559.0	8177.0	56.0	2392.0	57.0	2487.0	3284.0	293.0	2991.0
65018.0	55005.0	7821.0	155.0	417.0	0.0	869.0	751.0	31.0	720.0
87824.0	80705.0	3513.0	395.0	716.0	21.0	212.0	2262.0	116.0	2146.0
122851.0	99712.0	11579.0	212.0	4427.0	197.0	4804.0	1920.0	0.0	1920.0
119455.0	87520.0	22626.0	94.0	794.0	0.0	458.0	7963.0	0.0	7963.0
125175.0	90713.0	27268.0	634.0	2263.0	0.0	803.0	3494.0	779.0	2715.0
251460.0	118429.0	122475.0	631.0	3419.0	67.0	2183.0	4256.0	1308.0	2948.0
198788.0	139369.0	49583.0	699.0	2868.0	80.0	1490.0	4699.0	468.0	4231.0
446753.0	212567.0	202021.0	436.0	15637.0	187.0	8190.0	7715.0	63.0	7652.0
74103.0	45514.0	22322.0	0.0	2467.0	0.0	1200.0	2600.0	0.0	2600.0
436275.0	278251.0	114760.0	1134.0	18491.0	50.0	11952.0	11637.0	1613.0	10024.0
240098.0	167409.0	61935.0	614.0	4746.0	0.0	2091.0	3303.0	433.0	2870.0
98325.0	77902.0	13311.0	2285.0	748.0	0.0	1346.0	2733.0	50.0	2683.0
389617.0	134004.0	230722.0	828.0	12136.0	120.0	4995.0	6812.0	987.0	5825.0
156761.0	93525.0	59284.0	309.0	1452.0	0.0	637.0	1554.0	512.0	1042.0
132141.0	84401.0	44107.0	748.0	578.0	0.0	177.0	2130.0	0.0	2130.0
83848.0	46055.0	35377.0	0.0	142.0	0.0	695.0	1579.0	112.0	1467.0
250088.0	209032.0	29731.0	813.0	4106.0	0.0	2098.0	4308.0	603.0	3705.0
128755.0	86895.0	38061.0	181.0	1133.0	0.0	191.0	2294.0	154.0	2140.0
113972.0	81387.0	21449.0	6078.0	1385.0	142.0	890.0	2641.0	108.0	2533.0
107233.0	98649.0	1245.0	36.0	937.0	0.0	834.0	5532.0	145.0	5387.0
68628.0	65371.0	594.0	1303.0	409.0	12.0	38.0	901.0	5.0	896.0
289977.0	267044.0	7510.0	574.0	5844.0	0.0	820.0	8185.0	493.0	7692.0
119980.0	115200.0	1108.0	1020.0	1116.0	133.0	143.0	1260.0	0.0	1260.0
152692.0	145093.0	1225.0	1392.0	1482.0	105.0	59.0	3336.0	223.0	3113.0
201169.0	192849.0	1464.0	516.0	2299.0	59.0	592.0	3390.0	0.0	3390.0
72528.0	63861.0	5766.0	48.0	711.0	58.0	356.0	1728.0	52.0	1676.0
564195.0	421578.0	92880.0	1113.0	22534.0	487.0	7948.0	17655.0	1617.0	16038.0
831128.0	519527.0	230467.0	2595.0	50936.0	407.0	7453.0	19743.0	1944.0	17799.0
90595.0	74404.0	10782.0	0.0	1480.0	0.0	199.0	3730.0	0.0	3730.0
167627.0	154496.0	5898.0	332.0	3071.0	2.0	1171.0	2657.0	305.0	2352.0
102382.0	90516.0	7066.0	30.0	1574.0	122.0	813.0	2261.0	10.0	2251.0
156118.0	71819.0	66380.0	707.0	5477.0	0.0	1012.0	10723.0	793.0	9930.0
245322.0	198982.0	22079.0	470.0	11222.0	267.0	4264.0	8038.0	1133.0	6905.0
250290.0	199018.0	35009.0	570.0	7398.0	0.0	1976.0	6319.0	884.0	5435.0
313414.0	183413.0	56464.0	683.0	55194.0	70.0	4131.0	13459.0	1259.0	12200.0
1040116.0	564151.0	186896.0	3420.0	156974.0	429.0	88529.0	39717.0	7009.0	32708.0
909535.0	154895.0	569476.0	3278.0	39726.0	416.0	117208.0	24536.0	2684.0	21852.0
111413.0	88245.0	16000.0	32.0	3584.0	0.0	401.0	3151.0	0.0	3151.0
149585.0	123543.0	15442.0	178.0	2642.0	27.0	2184.0	5569.0	305.0	5264.0
102370.0	69912.0	24470.0	355.0	3373.0	0.0	816.0	3444.0	313.0	3131.0
621849.0	193032.0	382922.0	952.0	16894.0	381.0	9629.0	18039.0	1250.0	16789.0
214333.0	198849.0	5652.0	726.0	3412.0	0.0	1793.0	3901.0	89.0	3812.0
127828.0	116652.0	3826.0	309.0	2234.0	100.0	2065.0	2642.0	185.0	2457.0
556772.0	475548.0	20828.0	143.0	12099.0	305.0	32765.0	15084.0	3488.0	11596.0
776043.0	620715.0	28941.0	2033.0	28994.0	85.0	70952.0	24323.0	4626.0	19697.0
70601.0	66070.0	1954.0	326.0	321.0	0.0	830.0	1100.0	214.0	886.0
470690.0	382969.0	40091.0	1319.0	10252.0	75.0	23144.0	12840.0	2570.0	10270.0
161292.0	142184.0	4459.0	536.0	8763.0	0.0	1508.0	3842.0	418.0	3424.0
1585139.0	1239864.0	80531.0	1938.0	177513.0	494.0	40408.0	44391.0	6594.0	37797.0
696023.0	551206.0	46734.0	330.0	72767.0	33.0	10863.0	14090.0	1569.0	12521.0
510393.0	429089.0	48665.0	162.0	6975.0	0.0	14513.0	10989.0	1547.0	9442.0
778121.0	431912.0	174007.0	1384.0	68587.0	153.0	57107.0	44971.0	5639.0	39332.0
818963.0	694255.0	40226.0	1335.0	38787.0	165.0	24534.0	19661.0	3734.0	15927.0
114625.0	107537.0	1449.0	636.0	485.0	120.0	1259.0	3139.0	446.0	2693.0
105659.0	99946.0	1768.0	281.0	760.0	0.0	417.0	2487.0	33.0	2454.0
154636.0	121302.0	22875.0	321.0	3189.0	98.0	2006.0	4845.0	102.0	4743.0
134314.0	110510.0	14086.0	1172.0	2719.0	169.0	357.0	5301.0	773.0	4528.0
77390.0	72677.0	1203.0	73.0	1202.0	0.0	140.0	2095.0	55.0	2040.0
108801.0	93877.0	7291.0	595.0	2443.0	0.0	2106.0	2489.0	261.0	2228.0
410849.0	308385.0	80489.0	854.0	4672.0	0.0	2083.0	14366.0	527.0	13839.0
91636.0	85988.0	1181.0	1171.0	756.0	261.0	404.0	1875.0	74.0	1801.0
286085.0	212669.0	31097.0	979.0	18294.0	114.0	5990.0	16942.0	2554.0	14388.0
70698.0	62694.0	2124.0	2558.0	1558.0	0.0	280.0	1484.0	153.0	1331.0
159494.0	139227.0	13549.0	488.0	1343.0	0.0	1071.0	3816.0	216.0	3600.0
260263.0	210977.0	28564.0	942.0	6038.0	0.0	1394.0	12348.0	520.0	11828.0
636369.0	507666.0	61611.0	2400.0	17945.0	149.0	21833.0	24765.0	1950.0	22815.0
88373.0	84421.0	1151.0	234.0	71.0	81.0	492.0	1923.0	319.0	1604.0
98573.0	90671.0	2738.0	794.0	360.0	245.0	1425.0	2340.0	188.0	2152.0
187316.0	179668.0	1212.0	462.0	1732.0	296.0	1077.0	2869.0	446.0	2423.0
864840.0	709097.0	96470.0	2696.0	32188.0	175.0	3773.0	20441.0	1698.0	18743.0
67215.0	62598.0	1211.0	586.0	349.0	13.0	342.0	2116.0	74.0	2042.0
83632.0	78064.0	1177.0	243.0	1611.0	277.0	586.0	1674.0	317.0	1357.0
149568.0	141703.0	3277.0	176.0	1144.0	45.0	381.0	2842.0	136.0	2706.0
172790.0	139335.0	23975.0	1312.0	617.0	103.0	991.0	6457.0	896.0	5561.0
1242304.0	937743.0	174879.0	4311.0	84949.0	137.0	10278.0	30007.0	1886.0	28121.0
279955.0	251024.0	3814.0	965.0	8315.0	0.0	9165.0	6672.0	1262.0	5410.0
193307.0	144418.0	34507.0	506.0	2355.0	0.0	3269.0	8252.0	962.0	7290.0
159875.0	149328.0	3178.0	209.0	1332.0	0.0	827.0	5001.0	471.0	4530.0
68619.0	65964.0	250.0	337.0	328.0	64.0	593.0	1083.0	44.0	1039.0
75077.0	64916.0	2400.0	429.0	511.0	0.0	3089.0	3732.0	892.0	2840.0
358880.0	263224.0	44740.0	1703.0	32009.0	371.0	2815.0	14018.0	804.0	13214.0
1759335.0	941967.0	688219.0	4534.0	56669.0	419.0	32132.0	35395.0	4918.0	30477.0
344151.0	292650.0	18135.0	2585.0	14800.0	169.0	4329.0	11483.0	720.0	10763.0
65787.0	60189.0	2220.0	266.0	1133.0	0.0	268.0	1711.0	25.0	1686.0
98741.0	91760.0	1737.0	115.0	2242.0	0.0	414.0	2473.0	0.0	2473.0
414686.0	342805.0	21733.0	1346.0	19698.0	142.0	12988.0	15974.0	1685.0	14289.0
1223149.0	898311.0	158005.0	6709.0	86482.0	95.0	32097.0	41450.0	2958.0	38492.0
151436.0	128394.0	7781.0	710.0	9544.0	83.0	1251.0	3673.0	450.0	3223.0
538133.0	368423.0	62146.0	2761.0	74309.0	181.0	7671.0	22642.0	938.0	21704.0
65400.0	57741.0	2229.0	439.0	1832.0	0.0	2029.0	1130.0	150.0	980.0
200431.0	184955.0	2865.0	2634.0	2358.0	175.0	480.0	6964.0	101.0	6863.0
141660.0	119510.0	3959.0	1015.0	9032.0	9.0	3416.0	4719.0	70.0	4649.0
91705.0	85930.0	1789.0	493.0	1552.0	0.0	366.0	1575.0	0.0	1575.0
154708.0	139403.0	6753.0	375.0	3115.0	19.0	1913.0	3130.0	295.0	2835.0
251597.0	216760.0	10396.0	1073.0	13691.0	0.0	1051.0	8626.0	1819.0	6807.0
131311.0	123820.0	1130.0	240.0	1560.0	42.0	1582.0	2937.0	205.0	2732.0
173323.0	120169.0	44477.0	179.0	2754.0	38.0	2149.0	3557.0	788.0	2769.0
201410.0	137699.0	47881.0	1309.0	6733.0	70.0	2614.0	5104.0	367.0	4737.0
242891.0	63876.0	172912.0	210.0	2331.0	0.0	2675.0	887.0	81.0	806.0
141425.0	99046.0	30512.0	697.0	3539.0	0.0	3979.0	3652.0	444.0	3208.0
103465.0	59159.0	39744.0	202.0	2575.0	30.0	1293.0	462.0	87.0	375.0
149039.0	114034.0	30028.0	90.0	1523.0	235.0	946.0	2183.0	196.0	1987.0
174974.0	141836.0	15701.0	530.0	7069.0	310.0	1848.0	7680.0	450.0	7230.0
89100.0	78540.0	6138.0	517.0	605.0	26.0	622.0	2652.0	352.0	2300.0
78572.0	69128.0	6115.0	133.0	873.0	0.0	0.0	2323.0	216.0	2107.0
101603.0	93401.0	4334.0	719.0	991.0	0.0	332.0	1826.0	132.0	1694.0
83279.0	79273.0	335.0	360.0	752.0	0.0	607.0	1952.0	145.0	1807.0
235637.0	202683.0	13340.0	2035.0	5902.0	0.0	3574.0	8103.0	748.0	7355.0
76720.0	64765.0	8668.0	539.0	1088.0	0.0	27.0	1633.0	0.0	1633.0
102426.0	97677.0	1189.0	0.0	432.0	0.0	1111.0	2017.0	339.0	1678.0
288072.0	259717.0	10430.0	1367.0	5565.0	93.0	3386.0	7514.0	544.0	6970.0
687623.0	459654.0	163341.0	2206.0	11837.0	1878.0	28278.0	20429.0	2849.0	17580.0
118596.0	108396.0	1554.0	1381.0	1634.0	108.0	671.0	4852.0	131.0	4721.0
224124.0	215144.0	2909.0	584.0	2027.0	0.0	118.0	3342.0	408.0	2934.0
96096.0	83615.0	7106.0	348.0	2322.0	18.0	249.0	2438.0	95.0	2343.0
385590.0	345403.0	16002.0	877.0	9205.0	235.0	3662.0	10206.0	1035.0	9171.0
1003362.0	691396.0	236786.0	1855.0	42835.0	519.0	5692.0	24279.0	1489.0	22790.0
315685.0	147897.0	147176.0	507.0	9152.0	521.0	1898.0	8534.0	706.0	7828.0
82278.0	71830.0	1122.0	3745.0	777.0	32.0	1092.0	3680.0	120.0	3560.0
96165.0	90344.0	282.0	1103.0	800.0	31.0	1528.0	2077.0	71.0	2006.0
100739.0	94575.0	294.0	829.0	1947.0	0.0	1504.0	1590.0	0.0	1590.0
66418.0	62481.0	61.0	1800.0	347.0	391.0	71.0	1267.0	52.0	1215.0
114181.0	104696.0	841.0	2784.0	2203.0	0.0	201.0	3456.0	0.0	3456.0
157048.0	142882.0	1008.0	7177.0	1316.0	0.0	808.0	3857.0	183.0	3674.0
550064.0	437160.0	62117.0	4107.0	18490.0	186.0	12962.0	15042.0	1350.0	13692.0
306468.0	265865.0	12368.0	1690.0	11954.0	316.0	4262.0	10013.0	514.0	9499.0
175692.0	155601.0	7197.0	904.0	4635.0	272.0	1338.0	5745.0	562.0	5183.0
2114801.0	1314736.0	232104.0	16922.0	204801.0	14568.0	221830.0	109840.0	19301.0	90539.0
446903.0	354181.0	10071.0	6361.0	22612.0	3112.0	29203.0	21363.0	4255.0	17108.0
75909.0	71947.0	608.0	125.0	1326.0	21.0	92.0	1790.0	0.0	1790.0
89320.0	82376.0	503.0	436.0	4046.0	0.0	258.0	1701.0	144.0	1557.0
406678.0	370671.0	11845.0	286.0	15626.0	175.0	1343.0	6732.0	325.0	6407.0
147994.0	140431.0	2191.0	232.0	2398.0	0.0	417.0	2325.0	56.0	2269.0
301777.0	286085.0	2247.0	20.0	6170.0	0.0	2402.0	4853.0	131.0	4722.0
126825.0	117957.0	1736.0	81.0	3821.0	0.0	885.0	2345.0	283.0	2062.0
274219.0	185429.0	40528.0	715.0	21961.0	176.0	13868.0	11542.0	4090.0	7452.0
938506.0	656493.0	57051.0	1705.0	153112.0	910.0	49281.0	19954.0	4649.0	15305.0
450226.0	324433.0	73811.0	606.0	23011.0	0.0	10436.0	17929.0	1271.0	16658.0
510923.0	323313.0	95542.0	933.0	29533.0	184.0	41511.0	19907.0	5075.0	14832.0
94727.0	86752.0	4864.0	0.0	1368.0	0.0	716.0	1027.0	322.0	705.0
155854.0	110447.0	29440.0	874.0	2573.0	0.0	5159.0	7361.0	1394.0	5967.0
797434.0	333541.0	314799.0	1736.0	41658.0	82.0	84891.0	20727.0	6526.0	14201.0
291479.0	236613.0	26939.0	97.0	9557.0	208.0	8009.0	10056.0	1488.0	8568.0
674836.0	362723.0	84148.0	2087.0	101595.0	876.0	100667.0	22740.0	5083.0	17657.0
125488.0	114265.0	3328.0	12.0	4994.0	0.0	1051.0	1838.0	96.0	1742.0
371398.0	240995.0	76228.0	200.0	40989.0	17.0	7537.0	5432.0	476.0	4956.0
840900.0	504867.0	85573.0	1773.0	202150.0	204.0	27548.0	18785.0	7694.0	11091.0
628715.0	513647.0	46377.0	1207.0	33671.0	466.0	21803.0	11544.0	1290.0	10254.0
499509.0	407191.0	16557.0	948.0	50898.0	0.0	12354.0	11561.0	1881.0	9680.0
588721.0	536710.0	18766.0	173.0	11816.0	187.0	9826.0	11243.0	1364.0	9879.0
510916.0	299987.0	58441.0	2278.0	27531.0	185.0	102969.0	19525.0	4117.0	15408.0
64180.0	51720.0	8337.0	62.0	794.0	0.0	1012.0	2255.0	178.0	2077.0
333654.0	219720.0	31905.0	175.0	58195.0	0.0	15776.0	7883.0	1504.0	6379.0
143673.0	133596.0	3094.0	0.0	3056.0	26.0	1591.0	2310.0	148.0	2162.0
555786.0	322650.0	118490.0	1008.0	27386.0	0.0	68074.0	18178.0	5083.0	13095.0
106869.0	95175.0	4395.0	281.0	3392.0	35.0	1776.0	1815.0	252.0	1563.0
676685.0	479945.0	21402.0	31876.0	16021.0	391.0	94771.0	32279.0	14644.0	17635.0
65764.0	58125.0	896.0	1409.0	448.0	0.0	2934.0	1952.0	1096.0	856.0
214295.0	191138.0	3623.0	2238.0	2454.0	0.0	10979.0	3863.0	584.0	3279.0
71180.0	60734.0	3216.0	408.0	55.0	137.0	4828.0	1802.0	264.0	1538.0
76708.0	12645.0	663.0	57008.0	1579.0	0.0	1662.0	3151.0	277.0	2874.0
64362.0	49852.0	2474.0	4842.0	602.0	0.0	5529.0	1063.0	76.0	987.0
139394.0	92026.0	3586.0	17831.0	1586.0	250.0	18974.0	5141.0	1856.0	3285.0
118737.0	65856.0	536.0	45158.0	1005.0	69.0	3268.0	2845.0	359.0	2486.0
148686.0	123460.0	1540.0	4624.0	1301.0	38.0	12975.0	4748.0	1648.0	3100.0
75737.0	63342.0	904.0	3573.0	431.0	0.0	5824.0	1663.0	573.0	1090.0
309381.0	237074.0	36840.0	613.0	19602.0	325.0	4000.0	10927.0	605.0	10322.0
1455444.0	296739.0	475704.0	9275.0	53593.0	63.0	567160.0	52910.0	20583.0	32327.0
196567.0	169170.0	11374.0	335.0	8411.0	107.0	1745.0	5425.0	222.0	5203.0
77922.0	71494.0	1389.0	2286.0	791.0	0.0	507.0	1455.0	61.0	1394.0
78288.0	72240.0	3663.0	107.0	248.0	0.0	405.0	1625.0	38.0	1587.0
130779.0	121646.0	3224.0	755.0	844.0	142.0	2033.0	2135.0	252.0	1883.0
87071.0	76618.0	6638.0	180.0	927.0	28.0	630.0	2050.0	33.0	2017.0
81251.0	74541.0	3815.0	49.0	1268.0	10.0	670.0	898.0	280.0	618.0
295754.0	228378.0	31237.0	799.0	11505.0	259.0	14671.0	8905.0	2006.0	6899.0
922578.0	718294.0	126063.0	4275.0	32105.0	285.0	23033.0	18523.0	3655.0	14868.0
117635.0	101377.0	7831.0	546.0	2350.0	225.0	1123.0	4183.0	1025.0	3158.0
2636735.0	1143422.0	861059.0	10021.0	319263.0	375.0	234735.0	67860.0	16675.0	51185.0
64717.0	60291.0	813.0	95.0	940.0	0.0	684.0	1894.0	6.0	1888.0
71849.0	68113.0	2015.0	21.0	489.0	0.0	89.0	1122.0	88.0	1034.0
749600.0	570572.0	118054.0	3564.0	29177.0	99.0	10714.0	17420.0	2693.0	14727.0
1361350.0	934951.0	161031.0	2675.0	125694.0	116.0	96174.0	40709.0	13147.0	27562.0
1644518.0	927335.0	242485.0	5653.0	200997.0	695.0	194722.0	72631.0	16964.0	55667.0
212652.0	185129.0	15160.0	1485.0	2853.0	0.0	2134.0	5891.0	840.0	5051.0
232500.0	197395.0	12862.0	593.0	9268.0	533.0	4705.0	7144.0	1174.0	5970.0
468463.0	375090.0	51850.0	3022.0	17422.0	169.0	4861.0	16049.0	1248.0	14801.0
109561.0	102195.0	3577.0	42.0	1707.0	91.0	1063.0	886.0	42.0	844.0
377647.0	277839.0	40664.0	1461.0	9508.0	55.0	37578.0	10542.0	3950.0	6592.0
120146.0	115345.0	791.0	160.0	966.0	0.0	803.0	2081.0	38.0	2043.0
99042.0	87642.0	2815.0	318.0	2173.0	42.0	3467.0	2585.0	553.0	2032.0
2339150.0	917559.0	425453.0	9780.0	591840.0	451.0	313989.0	80078.0	28554.0	51524.0
160266.0	139035.0	10090.0	119.0	4386.0	0.0	627.0	6009.0	347.0	5662.0
474558.0	354859.0	50436.0	888.0	39628.0	280.0	17763.0	10704.0	2345.0	8359.0
326037.0	225743.0	41472.0	320.0	20003.0	59.0	28702.0	9738.0	4102.0	5636.0
111007.0	102843.0	2480.0	713.0	1219.0	0.0	1286.0	2466.0	248.0	2218.0
226249.0	210629.0	3664.0	146.0	6704.0	65.0	1338.0	3703.0	437.0	3266.0
154604.0	118714.0	15094.0	164.0	7200.0	0.0	6091.0	7341.0	1684.0	5657.0
97631.0	92559.0	1724.0	54.0	1659.0	10.0	481.0	1144.0	33.0	1111.0
1501587.0	1211538.0	116194.0	2489.0	62769.0	276.0	68703.0	39618.0	8339.0	31279.0
74877.0	59702.0	6673.0	64.0	1460.0	0.0	4218.0	2760.0	79.0	2681.0
104926.0	84161.0	2894.0	563.0	11332.0	0.0	1245.0	4731.0	381.0	4350.0
180143.0	153351.0	11145.0	324.0	3805.0	318.0	4834.0	6366.0	1415.0	4951.0
91446.0	85292.0	3110.0	194.0	559.0	318.0	778.0	1195.0	101.0	1094.0
976396.0	648511.0	142311.0	2861.0	58978.0	338.0	94465.0	28932.0	7379.0	21553.0
158276.0	111955.0	29618.0	335.0	2643.0	48.0	9281.0	4396.0	740.0	3656.0
122765.0	101206.0	13087.0	641.0	929.0	46.0	4444.0	2412.0	19.0	2393.0
253178.0	226088.0	16385.0	1328.0	2663.0	177.0	1488.0	5049.0	59.0	4990.0
88842.0	74904.0	5315.0	462.0	3253.0	0.0	3371.0	1537.0	111.0	1426.0
196762.0	139854.0	35165.0	797.0	6041.0	0.0	10881.0	4024.0	1560.0	2464.0
81287.0	72676.0	3805.0	619.0	765.0	47.0	2773.0	602.0	83.0	519.0
68879.0	61821.0	4528.0	181.0	1145.0	0.0	350.0	854.0	45.0	809.0
155056.0	121283.0	13471.0	245.0	6715.0	0.0	10879.0	2463.0	253.0	2210.0
70928.0	57362.0	8085.0	0.0	1069.0	147.0	1943.0	2322.0	163.0	2159.0
96879.0	72946.0	20371.0	113.0	916.0	0.0	1148.0	1385.0	0.0	1385.0
103451.0	72352.0	23270.0	1636.0	2943.0	0.0	1391.0	1859.0	204.0	1655.0
323838.0	166701.0	117465.0	4855.0	7789.0	800.0	8023.0	18205.0	1088.0	17117.0
164622.0	141594.0	16002.0	1187.0	2609.0	0.0	2091.0	1139.0	114.0	1025.0
300952.0	151160.0	112622.0	1043.0	14971.0	0.0	11404.0	9752.0	2066.0	7686.0
369019.0	243658.0	95669.0	1112.0	7926.0	827.0	12705.0	7122.0	839.0	6283.0
213442.0	164215.0	34201.0	888.0	2906.0	416.0	6491.0	4325.0	150.0	4175.0
517600.0	289723.0	172835.0	1633.0	23812.0	314.0	14077.0	15206.0	1713.0	13493.0
128140.0	83178.0	26285.0	1648.0	1350.0	0.0	11276.0	4403.0	399.0	4004.0
112655.0	100021.0	3708.0	208.0	1389.0	0.0	5237.0	2092.0	32.0	2060.0
169866.0	138105.0	21451.0	609.0	4317.0	0.0	3603.0	1781.0	87.0	1694.0
185660.0	146870.0	30183.0	466.0	1088.0	0.0	2485.0	4568.0	1446.0	3122.0
81035.0	70924.0	4615.0	181.0	200.0	0.0	2848.0	2267.0	607.0	1660.0
1034070.0	587112.0	320209.0	3447.0	57115.0	119.0	39567.0	26501.0	2684.0	23817.0
94352.0	78410.0	12689.0	907.0	1416.0	0.0	241.0	689.0	18.0	671.0
93919.0	49193.0	37342.0	329.0	848.0	183.0	3029.0	2995.0	906.0	2089.0
220358.0	178674.0	32417.0	234.0	3601.0	108.0	2164.0	3160.0	114.0	3046.0
186311.0	137859.0	26337.0	827.0	4280.0	33.0	3301.0	13674.0	2135.0	11539.0
141354.0	104825.0	17154.0	885.0	10854.0	31.0	4528.0	3077.0	487.0	2590.0
175842.0	102334.0	61327.0	274.0	2737.0	0.0	5221.0	3949.0	258.0	3691.0
142799.0	117356.0	9130.0	505.0	1656.0	0.0	11257.0	2895.0	699.0	2196.0
134197.0	38305.0	32640.0	51930.0	873.0	0.0	7465.0	2984.0	715.0	2269.0
91758.0	68799.0	17433.0	302.0	244.0	0.0	2925.0	2055.0	40.0	2015.0
139142.0	105565.0	21955.0	164.0	982.0	47.0	6580.0	3849.0	302.0	3547.0
72743.0	66664.0	2498.0	251.0	393.0	54.0	1204.0	1679.0	344.0	1335.0
222742.0	183566.0	23500.0	442.0	5864.0	0.0	2750.0	6620.0	93.0	6527.0
1024198.0	682435.0	214103.0	3416.0	65485.0	348.0	31253.0	27158.0	2132.0	25026.0
124132.0	76542.0	38277.0	456.0	2081.0	0.0	3995.0	2781.0	22.0	2759.0
81714.0	39644.0	32302.0	1767.0	959.0	0.0	6152.0	890.0	272.0	618.0
92991.0	85634.0	1652.0	3397.0	774.0	0.0	117.0	1417.0	7.0	1410.0
171512.0	152640.0	6905.0	1897.0	5021.0	0.0	1023.0	4026.0	70.0	3956.0
70916.0	62008.0	2360.0	1417.0	2015.0	221.0	1000.0	1895.0	0.0	1895.0
71275.0	62508.0	2391.0	745.0	1195.0	96.0	1068.0	3272.0	96.0	3176.0
104425.0	86537.0	13636.0	323.0	1060.0	0.0	820.0	2049.0	303.0	1746.0
98632.0	91808.0	3828.0	95.0	558.0	0.0	728.0	1615.0	95.0	1520.0
65886.0	59728.0	1940.0	63.0	2910.0	0.0	271.0	974.0	42.0	932.0
69154.0	64567.0	2313.0	451.0	77.0	0.0	419.0	1327.0	162.0	1165.0
376353.0	320938.0	26643.0	1113.0	10790.0	1881.0	3820.0	11168.0	514.0	10654.0
135959.0	116881.0	11004.0	99.0	1020.0	94.0	1543.0	5318.0	198.0	5120.0
201973.0	192302.0	3379.0	463.0	2044.0	0.0	985.0	2800.0	36.0	2764.0
1255921.0	794041.0	372481.0	3910.0	36749.0	522.0	16247.0	31971.0	3836.0	28135.0
193013.0	170763.0	7468.0	51.0	10806.0	110.0	707.0	3108.0	229.0	2879.0
75550.0	64065.0	6251.0	120.0	144.0	0.0	1816.0	3154.0	121.0	3033.0
151408.0	134937.0	10834.0	72.0	2183.0	302.0	108.0	2972.0	0.0	2972.0
1251722.0	853416.0	272019.0	2143.0	58135.0	328.0	19572.0	46109.0	3335.0	42774.0
94102.0	90773.0	1175.0	0.0	398.0	0.0	160.0	1596.0	252.0	1344.0
164427.0	142312.0	11411.0	173.0	4588.0	0.0	421.0	5522.0	131.0	5391.0
807598.0	550705.0	206481.0	925.0	19234.0	287.0	6822.0	23144.0	1252.0	21892.0
75573.0	69539.0	1541.0	44.0	1330.0	0.0	990.0	2129.0	497.0	1632.0
67347.0	61801.0	3270.0	224.0	115.0	0.0	13.0	1924.0	44.0	1880.0
229245.0	210834.0	9681.0	353.0	2840.0	16.0	815.0	4706.0	7.0	4699.0
170570.0	157316.0	5527.0	196.0	1657.0	99.0	964.0	4811.0	195.0	4616.0
305147.0	258542.0	26896.0	1186.0	3804.0	192.0	4160.0	10367.0	1203.0	9164.0
433689.0	313961.0	81256.0	923.0	8472.0	297.0	9293.0	19487.0	3687.0	15800.0
231900.0	185334.0	37537.0	1016.0	1776.0	339.0	719.0	5179.0	762.0	4417.0
65355.0	58757.0	3522.0	222.0	469.0	0.0	377.0	2008.0	7.0	2001.0
176395.0	168225.0	2817.0	253.0	2140.0	0.0	1045.0	1915.0	0.0	1915.0
104224.0	97829.0	3094.0	134.0	1086.0	0.0	427.0	1654.0	55.0	1599.0
532258.0	390995.0	106552.0	1368.0	10445.0	141.0	3996.0	18761.0	694.0	18067.0
162275.0	147011.0	6575.0	236.0	2580.0	0.0	1388.0	4485.0	71.0	4414.0
121707.0	105515.0	8063.0	191.0	1070.0	0.0	793.0	6075.0	170.0	5905.0
77170.0	69567.0	4059.0	0.0	95.0	52.0	353.0	3044.0	360.0	2684.0
375165.0	331368.0	28395.0	304.0	3469.0	60.0	1546.0	10023.0	488.0	9535.0
541968.0	430784.0	77317.0	718.0	15795.0	200.0	1053.0	16101.0	1545.0	14556.0
203751.0	180958.0	16969.0	30.0	1279.0	32.0	211.0	4272.0	224.0	4048.0
92916.0	89575.0	440.0	113.0	912.0	0.0	277.0	1599.0	264.0	1335.0
224469.0	200608.0	6779.0	156.0	10849.0	0.0	1221.0	4856.0	0.0	4856.0
116063.0	109654.0	1530.0	712.0	845.0	0.0	886.0	2436.0	45.0	2391.0
129730.0	119283.0	3672.0	112.0	1910.0	23.0	1297.0	3433.0	959.0	2474.0
133378.0	107025.0	3131.0	4780.0	3718.0	0.0	5484.0	9240.0	1775.0	7465.0
274458.0	213978.0	11577.0	9967.0	12446.0	120.0	3657.0	22713.0	1077.0	21636.0
124648.0	79767.0	21466.0	6431.0	3248.0	472.0	2033.0	11231.0	842.0	10389.0
70892.0	56326.0	1558.0	8376.0	68.0	0.0	211.0	4353.0	287.0	4066.0
69699.0	41098.0	8036.0	12409.0	517.0	0.0	1357.0	6282.0	819.0	5463.0
776864.0	537248.0	114640.0	21136.0	26038.0	673.0	24892.0	52237.0	3318.0	48919.0
80850.0	65558.0	3029.0	4111.0	3934.0	101.0	56.0	4061.0	182.0	3879.0
71875.0	55076.0	2497.0	11089.0	448.0	0.0	637.0	2128.0	16.0	2112.0
90802.0	67884.0	956.0	10935.0	1177.0	0.0	1482.0	8368.0	105.0	8263.0
639242.0	445266.0	64849.0	30398.0	18884.0	58.0	27030.0	52757.0	2314.0	50443.0
76559.0	58308.0	2939.0	5556.0	966.0	116.0	566.0	8108.0	272.0	7836.0
87572.0	76011.0	829.0	905.0	5759.0	78.0	1338.0	2652.0	167.0	2485.0
401515.0	354708.0	3723.0	2768.0	17296.0	1445.0	8826.0	12749.0	479.0	12270.0
175268.0	163923.0	1128.0	999.0	1805.0	110.0	1614.0	5689.0	737.0	4952.0
107685.0	100062.0	723.0	1054.0	883.0	72.0	766.0	4125.0	88.0	4037.0
212567.0	193760.0	1514.0	2319.0	2407.0	376.0	3335.0	8856.0	728.0	8128.0
84745.0	77847.0	370.0	337.0	1027.0	0.0	1911.0	3253.0	166.0	3087.0
66016.0	58461.0	154.0	3263.0	707.0	144.0	1099.0	2188.0	106.0	2082.0
362895.0	317444.0	5418.0	5392.0	8277.0	945.0	7580.0	17839.0	1078.0	16761.0
120547.0	110729.0	100.0	1047.0	1200.0	156.0	2092.0	5223.0	967.0	4256.0
330700.0	278040.0	4055.0	2748.0	5397.0	3043.0	12664.0	24753.0	2188.0	22565.0
790294.0	623309.0	42914.0	6017.0	55377.0	4517.0	15755.0	42405.0	4710.0	37695.0
79391.0	69742.0	692.0	1470.0	1685.0	175.0	2658.0	2969.0	228.0	2741.0
76531.0	66230.0	444.0	3533.0	728.0	162.0	2535.0	2899.0	323.0	2576.0
574326.0	448092.0	10700.0	4620.0	56697.0	2142.0	24725.0	27350.0	2525.0	24825.0
102659.0	89789.0	1039.0	1233.0	1431.0	0.0	5577.0	3590.0	286.0	3304.0
102295.0	94195.0	1317.0	0.0	965.0	0.0	3371.0	2447.0	782.0	1665.0
1230459.0	990127.0	157161.0	1007.0	43711.0	393.0	4314.0	33746.0	1772.0	31974.0
168871.0	153439.0	10415.0	0.0	1022.0	0.0	305.0	3690.0	78.0	3612.0
415271.0	347572.0	22043.0	5493.0	6266.0	149.0	13953.0	19795.0	2561.0	17234.0
125593.0	119179.0	1507.0	29.0	954.0	0.0	1291.0	2633.0	111.0	2522.0
627367.0	551840.0	24566.0	1291.0	29971.0	0.0	8352.0	11347.0	1132.0	10215.0
186818.0	179365.0	1771.0	123.0	1576.0	125.0	264.0	3594.0	124.0	3470.0
136411.0	127879.0	4606.0	115.0	953.0	0.0	397.0	2461.0	152.0	2309.0
63960.0	61555.0	1253.0	20.0	388.0	0.0	170.0	574.0	13.0	561.0
160580.0	140405.0	6909.0	12.0	9340.0	141.0	1788.0	1985.0	45.0	1940.0
515939.0	442708.0	29470.0	749.0	26192.0	231.0	5471.0	11118.0	1103.0	10015.0
80994.0	76816.0	2010.0	334.0	248.0	0.0	75.0	1511.0	332.0	1179.0
66672.0	63739.0	1204.0	21.0	1031.0	0.0	144.0	533.0	91.0	442.0
86484.0	82369.0	1538.0	17.0	627.0	0.0	460.0	1473.0	276.0	1197.0
246338.0	218722.0	9015.0	240.0	9157.0	0.0	3060.0	6144.0	945.0	5199.0
272983.0	196987.0	49362.0	384.0	9232.0	102.0	6198.0	10718.0	2649.0	8069.0
563894.0	392395.0	118178.0	886.0	28665.0	0.0	7653.0	16117.0	2165.0	13952.0
278045.0	242365.0	20540.0	372.0	3712.0	129.0	1359.0	9568.0	869.0	8699.0
153638.0	142091.0	5818.0	57.0	2019.0	0.0	853.0	2800.0	1126.0	1674.0
86966.0	82048.0	2889.0	18.0	119.0	0.0	87.0	1805.0	158.0	1647.0
211917.0	195536.0	6473.0	14.0	4897.0	0.0	1474.0	3523.0	279.0	3244.0
536624.0	474069.0	23230.0	920.0	11311.0	45.0	15128.0	11921.0	2398.0	9523.0
88082.0	81824.0	2997.0	211.0	577.0	0.0	630.0	1843.0	0.0	1843.0
137067.0	120264.0	2425.0	0.0	2155.0	142.0	9562.0	2519.0	336.0	2183.0
360685.0	284731.0	24347.0	488.0	12450.0	491.0	27091.0	11087.0	2672.0	8415.0
318449.0	281103.0	13872.0	745.0	3782.0	0.0	11480.0	7467.0	1084.0	6383.0
116048.0	106598.0	5859.0	278.0	987.0	0.0	479.0	1847.0	384.0	1463.0
114234.0	104725.0	5534.0	98.0	910.0	0.0	153.0	2814.0	45.0	2769.0
166397.0	126199.0	24086.0	607.0	4008.0	0.0	5533.0	5964.0	1398.0	4566.0
819264.0	649239.0	73055.0	864.0	62774.0	235.0	14588.0	18509.0	1454.0	17055.0
300813.0	259696.0	13105.0	854.0	8840.0	90.0	6408.0	11820.0	1624.0	10196.0
93246.0	88658.0	2823.0	426.0	485.0	0.0	213.0	641.0	346.0	295.0
1567442.0	657151.0	664062.0	5701.0	113162.0	1403.0	83392.0	42571.0	7825.0	34746.0
144590.0	135259.0	5118.0	90.0	246.0	0.0	2174.0	1703.0	269.0	1434.0
75522.0	71988.0	1762.0	0.0	102.0	0.0	575.0	1095.0	80.0	1015.0
208261.0	195323.0	5153.0	342.0	2134.0	151.0	434.0	4724.0	78.0	4646.0
357956.0	338957.0	7632.0	131.0	2093.0	0.0	958.0	8185.0	1981.0	6204.0
442867.0	394840.0	26555.0	701.0	6407.0	0.0	4251.0	10113.0	1194.0	8919.0
164801.0	150545.0	2817.0	101.0	4357.0	0.0	2514.0	4467.0	792.0	3675.0
82423.0	74816.0	2877.0	40.0	1693.0	0.0	446.0	2551.0	173.0	2378.0
633473.0	459841.0	57131.0	3444.0	26394.0	211.0	60571.0	25881.0	5703.0	20178.0
126517.0	117011.0	1965.0	978.0	1943.0	0.0	1553.0	3067.0	797.0	2270.0
165829.0	114681.0	41555.0	248.0	1698.0	248.0	3115.0	4284.0	1253.0	3031.0
194692.0	156403.0	32072.0	259.0	636.0	91.0	1488.0	3743.0	0.0	3743.0
179589.0	134230.0	33296.0	169.0	2294.0	0.0	5860.0	3740.0	552.0	3188.0
202786.0	135041.0	49660.0	1196.0	4291.0	752.0	5967.0	5879.0	258.0	5621.0
389262.0	264216.0	109027.0	641.0	4779.0	208.0	3111.0	7280.0	391.0	6889.0
152478.0	103079.0	40661.0	407.0	3539.0	0.0	2270.0	2522.0	293.0	2229.0
138900.0	75914.0	58525.0	139.0	1804.0	345.0	9.0	2164.0	0.0	2164.0
491863.0	369011.0	88999.0	866.0	11248.0	953.0	8663.0	12123.0	2193.0	9930.0
309199.0	248966.0	40868.0	1630.0	3396.0	140.0	7223.0	6976.0	822.0	6154.0
85842.0	61140.0	22302.0	0.0	727.0	0.0	450.0	1223.0	88.0	1135.0
66623.0	46372.0	16527.0	139.0	253.0	0.0	1652.0	1680.0	62.0	1618.0
281833.0	224186.0	42919.0	594.0	5216.0	0.0	3028.0	5890.0	741.0	5149.0
75713.0	66804.0	4931.0	337.0	399.0	0.0	1270.0	1972.0	0.0	1972.0
89208.0	30978.0	55352.0	6.0	368.0	0.0	445.0	2059.0	263.0	1796.0
121691.0	108430.0	7782.0	239.0	2241.0	0.0	221.0	2778.0	290.0	2488.0
407051.0	190429.0	185404.0	487.0	11032.0	491.0	4330.0	14878.0	2222.0	12656.0
297302.0	218859.0	60907.0	443.0	7227.0	0.0	4179.0	5687.0	319.0	5368.0
107480.0	52636.0	50282.0	312.0	1369.0	0.0	957.0	1924.0	0.0	1924.0
251195.0	187780.0	49189.0	1681.0	5115.0	0.0	3016.0	4414.0	945.0	3469.0
185197.0	159165.0	8943.0	4080.0	3183.0	11.0	4713.0	5102.0	460.0	4642.0
108702.0	89994.0	732.0	7603.0	1815.0	316.0	1046.0	7196.0	388.0	6808.0
75749.0	68737.0	2848.0	464.0	844.0	2.0	1050.0	1804.0	39.0	1765.0
127253.0	119270.0	3820.0	383.0	874.0	0.0	392.0	2514.0	151.0	2363.0
104091.0	95214.0	5519.0	78.0	1186.0	0.0	567.0	1527.0	109.0	1418.0
678889.0	433961.0	182939.0	2769.0	21202.0	76.0	19047.0	18895.0	1365.0	17530.0
354098.0	267764.0	68286.0	692.0	7550.0	63.0	2782.0	6961.0	179.0	6782.0
451324.0	385921.0	39109.0	614.0	8744.0	677.0	4677.0	11582.0	739.0	10843.0
97610.0	58162.0	35388.0	0.0	953.0	0.0	699.0	2408.0	0.0	2408.0
87757.0	73683.0	10742.0	98.0	614.0	0.0	1098.0	1522.0	402.0	1120.0
193479.0	138443.0	39336.0	1406.0	4337.0	659.0	1852.0	7446.0	560.0	6886.0
74553.0	69372.0	1887.0	89.0	1062.0	0.0	427.0	1716.0	701.0	1015.0
68570.0	60810.0	5365.0	0.0	364.0	0.0	1115.0	916.0	9.0	907.0
298612.0	232642.0	41011.0	531.0	9592.0	40.0	5069.0	9727.0	707.0	9020.0
95946.0	90270.0	709.0	822.0	910.0	0.0	1949.0	1286.0	154.0	1132.0
938069.0	371647.0	498328.0	593.0	24355.0	621.0	25011.0	17514.0	3086.0	14428.0
156791.0	148311.0	4325.0	186.0	471.0	119.0	768.0	2611.0	118.0	2493.0
175989.0	153447.0	11293.0	710.0	2087.0	122.0	3436.0	4894.0	391.0	4503.0
126302.0	115931.0	4618.0	342.0	1822.0	0.0	610.0	2979.0	58.0	2921.0
211672.0	189788.0	10365.0	0.0	8467.0	48.0	600.0	2404.0	515.0	1889.0
128911.0	113459.0	9093.0	669.0	1716.0	0.0	2155.0	1819.0	23.0	1796.0
88255.0	69381.0	12504.0	63.0	923.0	0.0	3131.0	2253.0	184.0	2069.0
80527.0	55426.0	5498.0	852.0	833.0	0.0	15223.0	2695.0	865.0	1830.0
334941.0	217790.0	72623.0	1889.0	9371.0	2467.0	11341.0	19460.0	1837.0	17623.0
1897753.0	1539435.0	145788.0	14546.0	53560.0	1799.0	87384.0	55241.0	12589.0	42652.0
93389.0	63002.0	23335.0	1026.0	105.0	0.0	2619.0	3302.0	1227.0	2075.0
346312.0	257656.0	44984.0	1278.0	21197.0	0.0	13081.0	8116.0	610.0	7506.0
215037.0	160827.0	22886.0	476.0	12750.0	54.0	11712.0	6332.0	226.0	6106.0
422156.0	396469.0	1795.0	1549.0	2664.0	35.0	15180.0	4464.0	2476.0	1988.0
914127.0	650608.0	85968.0	6308.0	125839.0	741.0	20137.0	24526.0	4996.0	19530.0
129048.0	114135.0	2869.0	503.0	1233.0	0.0	7746.0	2562.0	600.0	1962.0
75503.0	53964.0	9534.0	330.0	1602.0	2513.0	1268.0	6292.0	124.0	6168.0
2553385.0	1590220.0	569901.0	10453.0	151742.0	1328.0	165959.0	63782.0	13060.0	50722.0
780612.0	587476.0	75611.0	2625.0	62543.0	0.0	28322.0	24035.0	4482.0	19553.0
159436.0	140664.0	6503.0	335.0	1531.0	0.0	6036.0	4367.0	725.0	3642.0
163632.0	130956.0	16441.0	1333.0	1061.0	0.0	7561.0	6280.0	932.0	5348.0
835593.0	703725.0	31617.0	5874.0	10663.0	75.0	67877.0	15762.0	5490.0	10272.0
716087.0	367207.0	150245.0	2395.0	139855.0	548.0	38123.0	17714.0	5341.0	12373.0
322225.0	249430.0	41377.0	1376.0	8666.0	126.0	9581.0	11669.0	4127.0	7542.0
125467.0	109315.0	7462.0	2230.0	1495.0	0.0	1942.0	3023.0	515.0	2508.0
124108.0	93018.0	25971.0	123.0	1703.0	0.0	599.0	2694.0	216.0	2478.0
151249.0	99389.0	11383.0	526.0	2465.0	0.0	32703.0	4783.0	694.0	4089.0
4538028.0	2899194.0	856485.0	16777.0	314955.0	1146.0	346921.0	102550.0	29289.0	73261.0
194739.0	167830.0	9387.0	701.0	3498.0	0.0	10118.0	3205.0	1592.0	1613.0
79545.0	70751.0	6265.0	391.0	593.0	49.0	569.0	927.0	103.0	824.0
842304.0	744591.0	5649.0	1622.0	9113.0	200.0	71935.0	9194.0	6212.0	2982.0
89844.0	70887.0	7244.0	695.0	1080.0	0.0	8084.0	1854.0	46.0	1808.0
254308.0	148271.0	86891.0	1053.0	8316.0	142.0	5224.0	4411.0	2228.0	2183.0
159990.0	145296.0	6050.0	1073.0	591.0	662.0	3759.0	2559.0	767.0	1792.0
114690.0	93222.0	12424.0	392.0	1368.0	50.0	5124.0	2110.0	843.0	1267.0
79654.0	64932.0	8717.0	307.0	174.0	23.0	4456.0	1045.0	0.0	1045.0
299453.0	246712.0	19424.0	4282.0	6589.0	40.0	12641.0	9765.0	2031.0	7734.0
245671.0	193979.0	36219.0	888.0	4675.0	0.0	4713.0	5197.0	954.0	4243.0
161077.0	138827.0	9055.0	485.0	2763.0	58.0	5343.0	4546.0	383.0	4163.0
537559.0	456558.0	23220.0	2050.0	14434.0	0.0	20088.0	21209.0	2462.0	18747.0
65664.0	50721.0	12096.0	248.0	1209.0	0.0	894.0	496.0	51.0	445.0
359715.0	322549.0	13846.0	2065.0	7662.0	84.0	8207.0	5302.0	1616.0	3686.0
84260.0	73959.0	7597.0	148.0	959.0	0.0	334.0	1263.0	0.0	1263.0
126042.0	114007.0	1628.0	2067.0	627.0	66.0	4935.0	2712.0	33.0	2679.0
121802.0	97793.0	10046.0	568.0	6346.0	200.0	1770.0	5079.0	657.0	4422.0
130269.0	116771.0	3598.0	529.0	2210.0	300.0	2542.0	4319.0	918.0	3401.0
90861.0	77876.0	4533.0	554.0	2381.0	0.0	2562.0	2955.0	281.0	2674.0
67357.0	62295.0	628.0	179.0	1805.0	35.0	1457.0	958.0	367.0	591.0
222936.0	171437.0	38848.0	615.0	3427.0	5.0	3541.0	5063.0	1037.0	4026.0
1982498.0	1380960.0	316980.0	8210.0	103361.0	3772.0	111709.0	57506.0	13284.0	44222.0
136051.0	104669.0	10296.0	759.0	2100.0	0.0	13626.0	4601.0	1255.0	3346.0
118105.0	100919.0	5831.0	275.0	2000.0	242.0	6770.0	2068.0	1140.0	928.0
1176558.0	872255.0	100301.0	4785.0	75784.0	354.0	87534.0	35545.0	5318.0	30227.0
92382.0	78909.0	5515.0	40.0	1102.0	0.0	4424.0	2392.0	141.0	2251.0
70699.0	50476.0	15418.0	555.0	675.0	48.0	1512.0	2015.0	35.0	1980.0
269721.0	258007.0	590.0	856.0	1884.0	0.0	6521.0	1863.0	1051.0	812.0
131705.0	104889.0	13562.0	989.0	3278.0	27.0	4847.0	4113.0	714.0	3399.0
508514.0	412300.0	32210.0	1114.0	31068.0	73.0	11991.0	19758.0	2247.0	17511.0
120783.0	107508.0	1082.0	739.0	2842.0	216.0	5256.0	3140.0	843.0	2297.0
336043.0	298879.0	3576.0	1003.0	6626.0	1953.0	12808.0	11198.0	1694.0	9504.0
1107314.0	901318.0	19813.0	8771.0	43608.0	15404.0	86055.0	32345.0	5137.0	27208.0
575205.0	528986.0	4000.0	2530.0	9037.0	3612.0	9262.0	17778.0	1678.0	16100.0
155602.0	140239.0	1343.0	3793.0	817.0	758.0	4864.0	3788.0	602.0	3186.0
243645.0	217805.0	2578.0	1931.0	2693.0	168.0	9542.0	8928.0	947.0	7981.0
161382.0	146387.0	4265.0	449.0	6420.0	126.0	1118.0	2617.0	5.0	2612.0
105703.0	87226.0	10590.0	153.0	5210.0	0.0	605.0	1919.0	27.0	1892.0
229164.0	165282.0	20354.0	160.0	24290.0	202.0	11822.0	7054.0	599.0	6455.0
335687.0	228972.0	76900.0	653.0	10728.0	0.0	6477.0	11957.0	1857.0	10100.0
1142234.0	701027.0	109153.0	1802.0	216996.0	481.0	59493.0	53282.0	5357.0	47925.0
68782.0	59774.0	5810.0	78.0	1132.0	0.0	753.0	1235.0	155.0	1080.0
83199.0	76429.0	3625.0	701.0	988.0	322.0	227.0	907.0	105.0	802.0
103227.0	88787.0	9924.0	100.0	1666.0	0.0	953.0	1797.0	0.0	1797.0
325155.0	187036.0	96570.0	832.0	26530.0	249.0	4808.0	9130.0	1923.0	7207.0
73147.0	58542.0	9453.0	120.0	2377.0	0.0	284.0	2371.0	0.0	2371.0
375629.0	248621.0	27685.0	623.0	64511.0	450.0	11447.0	22292.0	3673.0	18619.0
97653.0	82101.0	4769.0	46.0	6446.0	0.0	2942.0	1349.0	0.0	1349.0
451721.0	258165.0	95253.0	2090.0	36029.0	404.0	35085.0	24695.0	2777.0	21918.0
94409.0	83848.0	5893.0	107.0	2062.0	0.0	141.0	2358.0	0.0	2358.0
78593.0	73275.0	1735.0	553.0	731.0	13.0	1367.0	919.0	0.0	919.0
130475.0	96644.0	21291.0	791.0	3132.0	261.0	4178.0	4178.0	836.0	3342.0
142003.0	98526.0	25343.0	351.0	4468.0	230.0	6945.0	6140.0	615.0	5525.0
67837.0	51413.0	8604.0	254.0	3438.0	156.0	809.0	3163.0	54.0	3109.0
153511.0	97333.0	31470.0	280.0	10137.0	0.0	3994.0	10297.0	2244.0	8053.0
235429.0	144648.0	70444.0	506.0	8441.0	294.0	4087.0	7009.0	336.0	6673.0
136454.0	58494.0	67048.0	817.0	3407.0	167.0	1745.0	4776.0	277.0	4499.0
79812.0	52055.0	22715.0	219.0	2339.0	0.0	592.0	1892.0	322.0	1570.0
182385.0	88771.0	73574.0	346.0	6629.0	308.0	4780.0	7977.0	585.0	7392.0
246393.0	120510.0	102513.0	1425.0	9488.0	159.0	3681.0	8617.0	334.0	8283.0
96201.0	39779.0	50543.0	471.0	530.0	0.0	991.0	3887.0	412.0	3475.0
220289.0	98864.0	104583.0	2276.0	4866.0	112.0	1735.0	7853.0	800.0	7053.0
99897.0	64887.0	27458.0	27.0	2673.0	0.0	720.0	4132.0	0.0	4132.0
88161.0	45880.0	37780.0	454.0	1880.0	0.0	574.0	1593.0	338.0	1255.0
452745.0	304039.0	88810.0	1096.0	28670.0	252.0	6106.0	23772.0	2783.0	20989.0
190309.0	152402.0	804.0	1621.0	4218.0	144.0	20340.0	10780.0	2097.0	8683.0
73486.0	65131.0	78.0	3731.0	1443.0	25.0	4.0	3074.0	310.0	2764.0
459495.0	389337.0	9116.0	2259.0	19767.0	2674.0	12196.0	24146.0	2290.0	21856.0
103468.0	93275.0	340.0	1182.0	1784.0	0.0	2346.0	4541.0	205.0	4336.0
88807.0	70420.0	2109.0	130.0	1695.0	30.0	10920.0	3503.0	1142.0	2361.0
93259.0	66740.0	423.0	702.0	876.0	83.0	20436.0	3999.0	1365.0	2634.0
71122.0	62253.0	613.0	3024.0	1138.0	244.0	564.0	3286.0	33.0	3253.0
80593.0	68647.0	2731.0	932.0	3982.0	373.0	1183.0	2745.0	0.0	2745.0
2117125.0	1395839.0	134947.0	14181.0	346434.0	17989.0	81724.0	126011.0	12903.0	113108.0
260131.0	211298.0	6354.0	2183.0	10975.0	1472.0	4890.0	22959.0	1223.0	21736.0
75882.0	69937.0	538.0	769.0	1132.0	0.0	902.0	2604.0	274.0	2330.0
843954.0	618424.0	57198.0	9773.0	53169.0	12165.0	28184.0	65041.0	2178.0	62863.0
121846.0	100273.0	1203.0	1814.0	2296.0	228.0	11336.0	4696.0	1367.0	3329.0
772501.0	598628.0	20169.0	6669.0	73832.0	4248.0	21553.0	47402.0	4421.0	42981.0
490945.0	435403.0	7778.0	6567.0	10729.0	2525.0	5731.0	22212.0	1252.0	20960.0
269536.0	221351.0	8945.0	4889.0	14556.0	2493.0	3094.0	14208.0	1055.0	13153.0
212284.0	177511.0	1808.0	6691.0	8499.0	841.0	7517.0	9417.0	1262.0	8155.0
248830.0	201706.0	2383.0	9457.0	2313.0	0.0	26184.0	6787.0	1297.0	5490.0
111901.0	97522.0	9164.0	0.0	1362.0	0.0	1001.0	2852.0	0.0	2852.0
96844.0	88105.0	5103.0	313.0	1391.0	0.0	68.0	1864.0	142.0	1722.0
188332.0	166990.0	13492.0	61.0	2416.0	0.0	33.0	5340.0	218.0	5122.0
104236.0	94347.0	2666.0	194.0	3147.0	0.0	311.0	3571.0	0.0	3571.0
86452.0	83093.0	733.0	186.0	645.0	206.0	225.0	1364.0	0.0	1364.0
258718.0	219747.0	5603.0	5800.0	7907.0	28.0	10410.0	9223.0	2102.0	7121.0
523643.0	439973.0	27796.0	1327.0	29204.0	211.0	9627.0	15505.0	1925.0	13580.0
88502.0	82203.0	2010.0	626.0	801.0	0.0	948.0	1914.0	512.0	1402.0
102105.0	93875.0	971.0	495.0	4836.0	36.0	180.0	1712.0	444.0	1268.0
101973.0	95901.0	1620.0	627.0	878.0	26.0	840.0	2081.0	350.0	1731.0
84559.0	79619.0	643.0	83.0	636.0	0.0	2124.0	1454.0	100.0	1354.0
168437.0	146113.0	12205.0	818.0	2609.0	0.0	2952.0	3740.0	566.0	3174.0
118212.0	108075.0	1248.0	599.0	5574.0	1.0	664.0	2051.0	40.0	2011.0
79806.0	75526.0	614.0	193.0	2518.0	12.0	119.0	824.0	0.0	824.0
135868.0	124426.0	849.0	575.0	7748.0	265.0	172.0	1833.0	0.0	1833.0
957735.0	583545.0	251506.0	5436.0	40240.0	325.0	45502.0	31181.0	3817.0	27364.0
183245.0	164135.0	2208.0	3266.0	6428.0	39.0	4379.0	2790.0	57.0	2733.0
87850.0	82673.0	1240.0	306.0	1923.0	51.0	144.0	1513.0	33.0	1480.0
70408.0	66020.0	449.0	69.0	2298.0	0.0	668.0	904.0	7.0	897.0
195080.0	156226.0	22460.0	829.0	2333.0	59.0	6655.0	6518.0	1564.0	4954.0
161448.0	144295.0	5434.0	687.0	2122.0	0.0	2242.0	6668.0	112.0	6556.0
87513.0	84405.0	919.0	114.0	1124.0	0.0	57.0	894.0	0.0	894.0
115569.0	104047.0	1741.0	329.0	6360.0	0.0	731.0	2361.0	174.0	2187.0
102804.0	96056.0	1259.0	618.0	1128.0	0.0	1217.0	2526.0	1046.0	1480.0
133674.0	127584.0	1445.0	132.0	775.0	0.0	319.0	3419.0	603.0	2816.0
396488.0	366883.0	5451.0	897.0	12717.0	217.0	2857.0	7466.0	1002.0	6464.0
169546.0	157168.0	3919.0	1223.0	5161.0	0.0	628.0	1447.0	251.0	1196.0
73435.0	69416.0	540.0	425.0	1485.0	39.0	462.0	1068.0	309.0	759.0
97121.0	86194.0	2474.0	980.0	1141.0	181.0	2459.0	3692.0	1145.0	2547.0
