200111.0	173137.0	19588.0	1621.0	639.0	0.0	1305.0	3821.0	1918.0	1903.0
71065.0	59354.0	896.0	1126.0	416.0	0.0	7892.0	1381.0	63.0	1318.0
80977.0	60220.0	18242.0	219.0	64.0	0.0	1122.0	1110.0	166.0	944.0
103531.0	83905.0	16122.0	338.0	686.0	55.0	757.0	1668.0	0.0	1668.0
104193.0	72551.0	28680.0	221.0	573.0	0.0	598.0	1570.0	125.0	1445.0
660793.0	346240.0	277340.0	2147.0	10715.0	284.0	14420.0	9647.0	542.0	9105.0
93096.0	80893.0	8534.0	188.0	635.0	0.0	36.0	2810.0	137.0	2673.0
154255.0	109240.0	35876.0	134.0	5159.0	0.0	1127.0	2719.0	65.0	2654.0
90787.0	74349.0	12992.0	416.0	294.0	0.0	815.0	1921.0	0.0	1921.0
350299.0	240157.0	82298.0	1526.0	8709.0	341.0	4160.0	13108.0	446.0	12662.0
94636.0	85782.0	2294.0	275.0	449.0	0.0	4269.0	1567.0	110.0	1457.0
415123.0	245445.0	146554.0	2343.0	8596.0	47.0	5566.0	6572.0	291.0	6281.0
226189.0	86949.0	128175.0	359.0	5887.0	58.0	1664.0	3097.0	484.0	2613.0
119607.0	99508.0	15715.0	1700.0	415.0	0.0	1102.0	1167.0	266.0	901.0
86697.0	75006.0	8616.0	92.0	527.0	0.0	1407.0	1049.0	69.0	980.0
206655.0	165564.0	24599.0	48.0	4162.0	0.0	8381.0	3901.0	211.0	3690.0
81322.0	52540.0	26504.0	338.0	110.0	0.0	641.0	1189.0	0.0	1189.0
202212.0	132385.0	62601.0	325.0	3055.0	0.0	1704.0	2142.0	0.0	2142.0
301010.0	194958.0	17041.0	21093.0	27805.0	6629.0	5122.0	28362.0	1727.0	26635.0
99357.0	75321.0	4564.0	5386.0	2497.0	588.0	1338.0	9663.0	200.0	9463.0
97882.0	81634.0	714.0	4883.0	1774.0	181.0	576.0	8120.0	89.0	8031.0
71828.0	16135.0	839.0	51844.0	350.0	0.0	861.0	1799.0	356.0	1443.0
127448.0	106504.0	4774.0	1562.0	2552.0	61.0	4925.0	7070.0	1702.0	5368.0
137682.0	88024.0	2159.0	36043.0	3038.0	106.0	4399.0	3913.0	971.0	2942.0
4087191.0	3228764.0	209043.0	76490.0	162396.0	9032.0	268149.0	133317.0	26944.0	106373.0
203361.0	183875.0	2462.0	5709.0	2462.0	8.0	5315.0	3530.0	919.0	2611.0
108101.0	52249.0	895.0	48675.0	706.0	62.0	2658.0	2856.0	412.0	2444.0
1004516.0	777131.0	34178.0	32490.0	26807.0	1901.0	88436.0	43573.0	13394.0	30179.0
401918.0	325699.0	18514.0	20752.0	7979.0	1448.0	13377.0	14149.0	1503.0	12646.0
218844.0	199264.0	1241.0	3310.0	2265.0	6.0	7740.0	5018.0	78.0	4940.0
203247.0	159621.0	4723.0	1765.0	2407.0	13.0	29050.0	5668.0	1253.0	4415.0
242321.0	214453.0	4058.0	3780.0	8304.0	961.0	4492.0	6273.0	652.0	5621.0
102518.0	83798.0	13400.0	600.0	1120.0	668.0	421.0	2511.0	113.0	2398.0
120768.0	100899.0	14111.0	604.0	1334.0	0.0	1356.0	2464.0	0.0	2464.0
97322.0	83623.0	8226.0	269.0	788.0	45.0	2182.0	2189.0	30.0	2159.0
72297.0	30360.0	40731.0	30.0	710.0	0.0	126.0	340.0	0.0	340.0
71557.0	64581.0	4407.0	206.0	224.0	0.0	255.0	1884.0	162.0	1722.0
392702.0	231534.0	140048.0	627.0	7911.0	57.0	2681.0	9844.0	844.0	9000.0
126776.0	103046.0	9238.0	1569.0	5437.0	0.0	2470.0	5016.0	860.0	4156.0
220792.0	177302.0	6388.0	2384.0	5473.0	4593.0	16734.0	7918.0	855.0	7063.0
78592.0	71044.0	3463.0	0.0	490.0	152.0	1633.0	1810.0	122.0	1688.0
1610921.0	713395.0	184981.0	10794.0	451957.0	13287.0	139619.0	96888.0	18679.0	78209.0
224241.0	183737.0	3568.0	4523.0	9265.0	305.0	8709.0	14134.0	1040.0	13094.0
1111339.0	659797.0	94162.0	5167.0	172954.0	5901.0	99499.0	73859.0	11161.0	62698.0
183087.0	160533.0	1466.0	1542.0	7846.0	283.0	4919.0	6498.0	663.0	5835.0
965974.0	584595.0	49881.0	8453.0	96158.0	2461.0	188131.0	36295.0	8009.0	28286.0
134809.0	107854.0	2150.0	7376.0	3351.0	67.0	5565.0	8446.0	322.0	8124.0
179091.0	120726.0	3993.0	3238.0	2744.0	244.0	39264.0	8882.0	4540.0	4342.0
874589.0	664002.0	46940.0	10342.0	40765.0	925.0	77317.0	34298.0	8757.0	25541.0
150269.0	93965.0	9578.0	2676.0	5293.0	382.0	31201.0	7174.0	1302.0	5872.0
64184.0	50076.0	1483.0	2774.0	590.0	0.0	7572.0	1689.0	175.0	1514.0
10116705.0	5313124.0	830371.0	63594.0	1449469.0	28601.0	2031385.0	400161.0	112231.0	287930.0
154548.0	123679.0	5401.0	1384.0	3908.0	202.0	13358.0	6616.0	3901.0	2715.0
260750.0	207308.0	5536.0	434.0	15868.0	292.0	20189.0	11123.0	1151.0	9972.0
87869.0	73918.0	623.0	4098.0	1666.0	137.0	4421.0	3006.0	247.0	2759.0
266353.0	161624.0	9044.0	914.0	19573.0	310.0	64124.0	10764.0	4697.0	6067.0
431344.0	333058.0	11311.0	3950.0	25836.0	1886.0	38838.0	16465.0	4099.0	12366.0
141667.0	102370.0	3310.0	681.0	11739.0	47.0	18181.0	5339.0	1738.0	3601.0
98893.0	91442.0	191.0	802.0	1380.0	240.0	1347.0	3491.0	460.0	3031.0
3145515.0	1982736.0	51390.0	14080.0	599768.0	8933.0	362455.0	126153.0	23309.0	102844.0
371694.0	312926.0	5902.0	2342.0	26796.0	1455.0	9241.0	13032.0	1931.0	11101.0
2329271.0	1475692.0	145374.0	21276.0	147907.0	5570.0	434413.0	99039.0	24882.0	74157.0
1482026.0	871895.0	150307.0	10329.0	228084.0	16250.0	112118.0	93043.0	17449.0	75594.0
2112619.0	1284478.0	175566.0	19770.0	143777.0	6956.0	396676.0	85396.0	21110.0	64286.0
3263431.0	2314039.0	161603.0	15950.0	378006.0	14253.0	212047.0	167533.0	27817.0	139716.0
852469.0	403610.0	45986.0	2382.0	289650.0	3665.0	65067.0	42109.0	6226.0	35883.0
715597.0	394950.0	52150.0	4827.0	109924.0	4233.0	90729.0	58784.0	9132.0	49652.0
279083.0	243548.0	5578.0	1188.0	11385.0	0.0	9046.0	8338.0	1162.0	7176.0
758581.0	399957.0	19872.0	2463.0	206532.0	9814.0	83108.0	36835.0	6293.0	30542.0
440668.0	339492.0	8498.0	3018.0	21108.0	1125.0	44387.0	23040.0	5029.0	18011.0
1894605.0	907866.0	48169.0	7894.0	651614.0	7155.0	185314.0	86593.0	17361.0	69232.0
271804.0	218568.0	2398.0	724.0	12339.0	194.0	25971.0	11610.0	1989.0	9621.0
179804.0	156618.0	2167.0	3047.0	3983.0	147.0	3281.0	10561.0	1089.0	9472.0
431131.0	234128.0	60256.0	2283.0	67746.0	3265.0	36229.0	27224.0	3977.0	23247.0
500292.0	376299.0	7339.0	6750.0	19734.0	2210.0	61028.0	26932.0	4204.0	22728.0
531997.0	405964.0	12774.0	4114.0	29521.0	3588.0	53423.0	22613.0	4837.0	17776.0
95847.0	68279.0	2585.0	837.0	13805.0	635.0	4195.0	5511.0	828.0	4683.0
458198.0	377865.0	7757.0	5512.0	15247.0	131.0	36575.0	15111.0	5269.0	9842.0
846178.0	681601.0	13518.0	7959.0	60326.0	1684.0	44215.0	36875.0	7203.0	29672.0
207590.0	131402.0	6678.0	1654.0	28058.0	1001.0	27476.0	11321.0	2994.0	8327.0
73966.0	52989.0	1794.0	1568.0	4285.0	273.0	5327.0	7730.0	1287.0	6443.0
480718.0	403077.0	15119.0	7788.0	19265.0	181.0	21198.0	14090.0	2968.0	11122.0
618821.0	445668.0	64678.0	4354.0	32850.0	1240.0	41889.0	28142.0	5946.0	22196.0
313333.0	276324.0	3253.0	2480.0	14136.0	236.0	8030.0	8874.0	1799.0	7075.0
663862.0	520398.0	62757.0	7326.0	24784.0	174.0	25722.0	22701.0	4122.0	18579.0
314638.0	282577.0	4025.0	713.0	12019.0	163.0	5323.0	9818.0	1200.0	8618.0
663519.0	524761.0	38303.0	3475.0	19301.0	1504.0	35017.0	41158.0	6341.0	34817.0
558503.0	508531.0	6274.0	5199.0	14944.0	334.0	8766.0	14455.0	3255.0	11200.0
324122.0	295280.0	3133.0	2664.0	6030.0	1418.0	6971.0	8626.0	729.0	7897.0
148255.0	139247.0	971.0	1621.0	1234.0	198.0	1648.0	3336.0	935.0	2401.0
161875.0	124609.0	3470.0	3606.0	1246.0	0.0	22070.0	6874.0	1867.0	5007.0
277670.0	247795.0	2834.0	2035.0	3131.0	86.0	12345.0	9444.0	1712.0	7732.0
945438.0	693016.0	103807.0	2090.0	48920.0	203.0	74202.0	23200.0	7813.0	15387.0
897985.0	651664.0	120884.0	2592.0	44427.0	612.0	50824.0	26982.0	7920.0	19062.0
184993.0	170839.0	4634.0	213.0	3620.0	0.0	3048.0	2639.0	662.0	1977.0
164943.0	146206.0	8378.0	173.0	5065.0	0.0	1725.0	3396.0	153.0	3243.0
861277.0	641620.0	110111.0	816.0	31449.0	126.0	50605.0	26550.0	4750.0	21800.0
273676.0	221316.0	16418.0	942.0	10926.0	0.0	10023.0	14051.0	2464.0	11587.0
151367.0	134614.0	4678.0	0.0	5488.0	0.0	2376.0	4211.0	0.0	4211.0
116998.0	104674.0	2947.0	259.0	1507.0	78.0	4729.0	2804.0	69.0	2735.0
171987.0	116236.0	40749.0	925.0	4298.0	0.0	1871.0	7908.0	297.0	7611.0
552778.0	356714.0	135575.0	1188.0	29442.0	216.0	16945.0	12698.0	1432.0	11266.0
210849.0	174583.0	27002.0	1171.0	2432.0	0.0	2150.0	3511.0	152.0	3359.0
658893.0	265077.0	321346.0	1859.0	24910.0	172.0	28798.0	16731.0	1379.0	15352.0
256380.0	178844.0	49792.0	733.0	14476.0	404.0	2385.0	9746.0	1103.0	8643.0
178985.0	146131.0	18518.0	1860.0	3792.0	359.0	1665.0	6660.0	564.0	6096.0
556885.0	461038.0	59579.0	1622.0	13843.0	526.0	5810.0	14467.0	1878.0	12589.0
1869235.0	1177153.0	518878.0	5733.0	68879.0	1089.0	41367.0	56136.0	11845.0	44291.0
168474.0	152008.0	8834.0	250.0	2526.0	0.0	1380.0	3476.0	715.0	2761.0
139377.0	128966.0	4550.0	469.0	1828.0	0.0	1230.0	2334.0	72.0	2262.0
199798.0	164031.0	18083.0	213.0	6399.0	160.0	1565.0	9347.0	1547.0	7800.0
348777.0	297427.0	24870.0	2095.0	4363.0	0.0	15489.0	4533.0	610.0	3923.0
67857.0	52357.0	12226.0	141.0	371.0	69.0	816.0	1877.0	84.0	1793.0
897698.0	548264.0	269851.0	2068.0	40428.0	288.0	11482.0	25317.0	2598.0	22719.0
310659.0	213135.0	68490.0	1262.0	10328.0	156.0	3521.0	13767.0	981.0	12786.0
102408.0	85639.0	11376.0	77.0	2595.0	65.0	789.0	1867.0	325.0	1542.0
175855.0	159153.0	9370.0	143.0	2150.0	0.0	2342.0	2697.0	430.0	2267.0
98236.0	77882.0	8907.0	383.0	1600.0	56.0	7408.0	2000.0	143.0	1857.0
1316298.0	920956.0	217184.0	3412.0	49501.0	1085.0	81555.0	42605.0	7790.0	34815.0
144755.0	124583.0	13330.0	466.0	1723.0	0.0	2288.0	2365.0	199.0	2166.0
315690.0	262792.0	31348.0	1612.0	6447.0	128.0	4849.0	8514.0	763.0	7751.0
679513.0	577950.0	60547.0	1414.0	10591.0	732.0	16805.0	11474.0	1935.0	9539.0
283988.0	177432.0	90766.0	467.0	9784.0	211.0	1077.0	4251.0	419.0	3832.0
351746.0	300734.0	31478.0	466.0	6930.0	1049.0	4776.0	6313.0	1141.0	5172.0
339167.0	276045.0	41330.0	989.0	4450.0	183.0	5606.0	10564.0	1624.0	8940.0
153392.0	135109.0	9103.0	336.0	1503.0	0.0	4525.0	2816.0	1319.0	1497.0
2662874.0	2020881.0	496962.0	3063.0	41900.0	664.0	62466.0	36938.0	10470.0	26468.0
77136.0	69347.0	5074.0	164.0	741.0	0.0	395.0	1415.0	154.0	1261.0
196512.0	153150.0	17783.0	1945.0	5668.0	237.0	7554.0	10175.0	1209.0	8966.0
1253001.0	819441.0	260845.0	2682.0	64590.0	623.0	66597.0	38223.0	9871.0	28352.0
310211.0	227655.0	34646.0	930.0	8692.0	2229.0	26539.0	9520.0	3081.0	6439.0
1397710.0	1048104.0	252336.0	2046.0	37234.0	558.0	32051.0	25381.0	4743.0	20638.0
485331.0	431737.0	24698.0	893.0	11887.0	609.0	4329.0	11178.0	1356.0	9822.0
938098.0	773474.0	98036.0	2484.0	29055.0	927.0	10095.0	24027.0	3917.0	20110.0
634638.0	496730.0	96781.0	1764.0	10013.0	361.0	14985.0	14004.0	2834.0	11170.0
72143.0	57108.0	12160.0	154.0	468.0	0.0	1062.0	1191.0	397.0	794.0
217919.0	194932.0	12023.0	559.0	4657.0	259.0	933.0	4556.0	391.0	4165.0
291028.0	212762.0	56443.0	703.0	4742.0	0.0	8718.0	7660.0	2038.0	5622.0
163422.0	141266.0	9969.0	454.0	3909.0	332.0	1605.0	5887.0	230.0	5657.0
396962.0	362320.0	18618.0	1038.0	6321.0	69.0	2377.0	6219.0	816.0	5403.0
442516.0	348768.0	52415.0	454.0	18248.0	118.0	9538.0	12975.0	2138.0	10837.0
114350.0	101008.0	10346.0	293.0	321.0	0.0	1160.0	1222.0	580.0	642.0
507531.0	425788.0	53147.0	2406.0	8953.0	160.0	8277.0	8800.0	1199.0	7601.0
73240.0	58930.0	8937.0	0.0	2777.0	0.0	1556.0	1040.0	64.0	976.0
101736.0	85361.0	12628.0	0.0	1186.0	0.0	2135.0	426.0	98.0	328.0
153905.0	66223.0	81692.0	0.0	3060.0	37.0	277.0	2616.0	214.0	2402.0
72087.0	48108.0	20707.0	145.0	1193.0	92.0	294.0	1548.0	448.0	1100.0
114093.0	84942.0	21504.0	58.0	631.0	0.0	4011.0	2947.0	0.0	2947.0
65621.0	60838.0	1452.0	61.0	1493.0	0.0	0.0	1777.0	296.0	1481.0
283379.0	148243.0	111995.0	548.0	7962.0	432.0	6767.0	7432.0	1624.0	5808.0
230985.0	199256.0	15666.0	126.0	4591.0	0.0	6844.0	4502.0	464.0	4038.0
120938.0	76387.0	33258.0	52.0	5565.0	0.0	3636.0	2040.0	252.0	1788.0
267542.0	56678.0	182386.0	102.0	13958.0	0.0	10799.0	3619.0	507.0	3112.0
730981.0	434609.0	198837.0	886.0	36551.0	794.0	41578.0	17726.0	4782.0	12944.0
139257.0	104400.0	24287.0	138.0	5195.0	0.0	1609.0	3628.0	343.0	3285.0
135571.0	104526.0	24340.0	111.0	2255.0	84.0	1083.0	3172.0	52.0	3120.0
722161.0	254994.0	387613.0	1844.0	41555.0	116.0	19845.0	16194.0	1920.0	14274.0
92407.0	26239.0	62798.0	0.0	273.0	0.0	1245.0	1852.0	0.0	1852.0
138776.0	69898.0	61197.0	472.0	2555.0	0.0	3437.0	1217.0	75.0	1142.0
109664.0	76407.0	23405.0	226.0	5021.0	953.0	2649.0	1003.0	188.0	815.0
96063.0	72905.0	16360.0	31.0	282.0	0.0	6122.0	363.0	133.0	230.0
204302.0	171663.0	6781.0	758.0	18691.0	0.0	3443.0	2966.0	319.0	2647.0
996319.0	458121.0	438234.0	2187.0	64614.0	558.0	13978.0	18627.0	2721.0	15906.0
82175.0	54202.0	20682.0	1018.0	1242.0	0.0	3830.0	1201.0	219.0	982.0
877922.0	459352.0	224629.0	4615.0	98979.0	341.0	65823.0	24183.0	4181.0	20002.0
190761.0	156154.0	15053.0	470.0	3290.0	40.0	11576.0	4178.0	758.0	3420.0
213869.0	111282.0	86293.0	178.0	6659.0	0.0	3013.0	6444.0	650.0	5794.0
149111.0	92117.0	43774.0	1070.0	3767.0	0.0	2230.0	6153.0	770.0	5383.0
65198.0	31113.0	26503.0	223.0	1423.0	434.0	2533.0	2969.0	793.0	2176.0
113523.0	66736.0	41898.0	62.0	1769.0	112.0	906.0	2040.0	100.0	1940.0
200887.0	91379.0	89440.0	843.0	4689.0	322.0	7206.0	7008.0	1296.0	5712.0
103675.0	55278.0	44115.0	321.0	900.0	0.0	257.0	2804.0	527.0	2277.0
148987.0	113021.0	27524.0	753.0	1297.0	0.0	4389.0	2003.0	207.0	1796.0
201368.0	78327.0	113070.0	405.0	3681.0	0.0	1856.0	4029.0	287.0	3742.0
87754.0	37505.0	44051.0	142.0	1793.0	1089.0	1201.0	1973.0	235.0	1738.0
69469.0	41011.0	24534.0	10.0	1321.0	0.0	768.0	1825.0	34.0	1791.0
103542.0	91237.0	4300.0	0.0	1570.0	0.0	5105.0	1330.0	452.0	878.0
194190.0	65329.0	1504.0	669.0	44972.0	24787.0	1992.0	54937.0	1313.0	53624.0
991788.0	215007.0	26916.0	1141.0	421085.0	97569.0	9759.0	220311.0	8273.0	212038.0
70475.0	23025.0	620.0	156.0	22408.0	7214.0	629.0	16423.0	148.0	16275.0
163046.0	57329.0	1689.0	225.0	45685.0	18040.0	1450.0	38628.0	857.0	37771.0
426236.0	388704.0	6090.0	3005.0	13063.0	93.0	5236.0	10045.0	1213.0	8832.0
83347.0	75813.0	491.0	2103.0	1148.0	141.0	254.0	3397.0	520.0	2877.0
108623.0	95205.0	533.0	464.0	1062.0	117.0	8910.0	2332.0	271.0	2061.0
203143.0	183319.0	610.0	2519.0	1599.0	223.0	8151.0	6722.0	1769.0	4953.0
147326.0	139228.0	1004.0	1826.0	1195.0	375.0	329.0	3369.0	0.0	3369.0
80914.0	74869.0	508.0	902.0	1189.0	112.0	1601.0	1733.0	42.0	1691.0
66988.0	62284.0	2935.0	40.0	488.0	253.0	26.0	962.0	103.0	859.0
207133.0	152723.0	26581.0	244.0	19737.0	0.0	879.0	6969.0	615.0	6354.0
5246456.0	2963512.0	1251913.0	13816.0	367760.0	1677.0	529965.0	117813.0	37416.0	80397.0
105462.0	88996.0	7843.0	0.0	3138.0	0.0	3450.0	2035.0	241.0	1794.0
932708.0	740100.0	43241.0	1129.0	105137.0	231.0	20062.0	22808.0	3688.0	19120.0
527306.0	379869.0	29574.0	2082.0	19114.0	36.0	84823.0	11808.0	1781.0	10027.0
111375.0	89049.0	16554.0	66.0	1302.0	0.0	1992.0	2412.0	26.0	2386.0
121350.0	102421.0	7146.0	48.0	4106.0	0.0	4391.0	3238.0	781.0	2457.0
705186.0	577264.0	47042.0	890.0	48971.0	866.0	12168.0	17985.0	2757.0	15228.0
111241.0	105611.0	2060.0	1007.0	820.0	74.0	638.0	1031.0	0.0	1031.0
307283.0	284257.0	4457.0	166.0	7681.0	56.0	5425.0	5241.0	910.0	4331.0
174061.0	144811.0	15159.0	73.0	8358.0	0.0	2659.0	3001.0	364.0	2637.0
108350.0	85205.0	14785.0	434.0	1488.0	0.0	98.0	6340.0	277.0	6063.0
266560.0	234913.0	22617.0	393.0	2457.0	296.0	1043.0	4841.0	372.0	4469.0
187319.0	136912.0	32448.0	524.0	6501.0	36.0	4162.0	6736.0	876.0	5860.0
146063.0	119994.0	13149.0	86.0	2939.0	238.0	3466.0	6191.0	1754.0	4437.0
265729.0	173062.0	79273.0	99.0	3324.0	129.0	2797.0	7045.0	265.0	6780.0
198997.0	163140.0	25121.0	293.0	3206.0	300.0	2840.0	4097.0	286.0	3811.0
135707.0	130311.0	1801.0	277.0	1136.0	0.0	90.0	2092.0	9.0	2083.0
79728.0	65964.0	11950.0	484.0	164.0	0.0	891.0	275.0	0.0	275.0
685419.0	498894.0	75445.0	2326.0	36164.0	82.0	53262.0	19246.0	5688.0	13558.0
288542.0	228385.0	36427.0	783.0	6918.0	502.0	7734.0	7793.0	1193.0	6600.0
365918.0	288487.0	41000.0	825.0	13220.0	23.0	8010.0	14353.0	1070.0	13283.0
80217.0	68914.0	1802.0	50.0	4226.0	0.0	3955.0	1270.0	130.0	1140.0
114262.0	99609.0	8239.0	0.0	582.0	131.0	2012.0	3689.0	183.0	3506.0
117074.0	103940.0	8773.0	0.0	1863.0	16.0	761.0	1721.0	125.0	1596.0
201971.0	173189.0	10223.0	159.0	2280.0	130.0	8117.0	7873.0	1623.0	6250.0
76179.0	68588.0	4247.0	103.0	634.0	0.0	848.0	1759.0	57.0	1702.0
68569.0	60615.0	5603.0	53.0	547.0	0.0	430.0	1321.0	72.0	1249.0
302623.0	265010.0	10429.0	144.0	17259.0	0.0	2052.0	7729.0	590.0	7139.0
156056.0	138665.0	7854.0	245.0	3834.0	0.0	2715.0	2743.0	167.0	2576.0
82982.0	72882.0	6222.0	246.0	362.0	0.0	874.0	2396.0	0.0	2396.0
147538.0	138258.0	2982.0	0.0	4771.0	0.0	706.0	821.0	0.0	821.0
78564.0	72352.0	598.0	226.0	1063.0	0.0	3135.0	1190.0	261.0	929.0
490228.0	303934.0	121294.0	1505.0	6515.0	89.0	43521.0	13370.0	4036.0	9334.0
111444.0	92100.0	12798.0	161.0	487.0	17.0	3080.0	2801.0	666.0	2135.0
130069.0	114564.0	10809.0	214.0	681.0	0.0	1233.0	2568.0	177.0	2391.0
934243.0	596930.0	253448.0	1850.0	24125.0	1259.0	31971.0	24660.0	2255.0	22405.0
143339.0	124295.0	4508.0	508.0	9171.0	0.0	845.0	4012.0	572.0	3440.0
167076.0	153238.0	6347.0	263.0	2436.0	95.0	2158.0	2539.0	548.0	1991.0
267618.0	215588.0	33871.0	1076.0	5009.0	309.0	2705.0	9060.0	987.0	8073.0
183074.0	155501.0	8261.0	120.0	13615.0	38.0	1683.0	3856.0	194.0	3662.0
182006.0	156045.0	16716.0	258.0	2525.0	193.0	1944.0	4325.0	650.0	3675.0
108175.0	93905.0	6990.0	392.0	1961.0	0.0	1624.0	3303.0	305.0	2998.0
67671.0	61216.0	4513.0	0.0	148.0	0.0	424.0	1370.0	141.0	1229.0
132897.0	112700.0	11623.0	293.0	2785.0	84.0	2243.0	3169.0	472.0	2697.0
96370.0	90383.0	2531.0	109.0	1351.0	756.0	159.0	1081.0	52.0	1029.0
142287.0	119188.0	7835.0	376.0	8499.0	0.0	2593.0	3796.0	298.0	3498.0
217751.0	194816.0	10630.0	180.0	5303.0	0.0	2169.0	4653.0	197.0	4456.0
459862.0	396765.0	29324.0	651.0	19024.0	433.0	2191.0	11474.0	1034.0	10440.0
93128.0	87302.0	1249.0	181.0	433.0	0.0	1148.0	2815.0	173.0	2642.0
171387.0	147985.0	12879.0	820.0	3921.0	0.0	1519.0	4263.0	290.0	3973.0
94073.0	82686.0	1764.0	133.0	5547.0	104.0	108.0	3731.0	515.0	3216.0
102271.0	89362.0	2879.0	2305.0	2852.0	0.0	2901.0	1972.0	146.0	1826.0
66227.0	61835.0	1812.0	499.0	767.0	0.0	174.0	1140.0	0.0	1140.0
116585.0	97333.0	5172.0	2843.0	6127.0	0.0	666.0	4444.0	511.0	3933.0
574272.0	497053.0	26362.0	874.0	25811.0	322.0	4511.0	19339.0	1210.0	18129.0
78797.0	66236.0	6982.0	273.0	1075.0	15.0	455.0	3761.0	88.0	3673.0
75194.0	62376.0	4238.0	609.0	3152.0	676.0	890.0	3253.0	355.0	2898.0
508803.0	402990.0	47282.0	4945.0	22108.0	75.0	12357.0	19046.0	1625.0	17421.0
178406.0	147877.0	14446.0	1211.0	1685.0	0.0	1882.0	11305.0	1381.0	9924.0
161636.0	101486.0	37864.0	1231.0	5739.0	1048.0	9410.0	4858.0	1022.0	3836.0
126413.0	114549.0	3780.0	153.0	2751.0	0.0	1925.0	3255.0	0.0	3255.0
91833.0	86412.0	1962.0	110.0	657.0	95.0	294.0	2303.0	0.0	2303.0
74250.0	52743.0	14252.0	321.0	1179.0	229.0	1427.0	4099.0	169.0	3930.0
98275.0	90158.0	3803.0	110.0	732.0	0.0	183.0	3289.0	167.0	3122.0
310797.0	235076.0	44857.0	1816.0	11115.0	364.0	8428.0	9141.0	856.0	8285.0
108266.0	86417.0	12659.0	300.0	2353.0	223.0	1566.0	4748.0	224.0	4524.0
760026.0	553710.0	160126.0	1589.0	19349.0	491.0	3582.0	21179.0	1728.0	19451.0
163929.0	148208.0	7220.0	98.0	1715.0	0.0	2522.0	4166.0	0.0	4166.0
87340.0	79784.0	4955.0	203.0	662.0	0.0	700.0	1036.0	204.0	832.0
120460.0	99060.0	10550.0	219.0	3891.0	900.0	3279.0	2561.0	465.0	2096.0
117029.0	86655.0	25987.0	0.0	1477.0	0.0	369.0	2541.0	0.0	2541.0
125064.0	91550.0	26234.0	211.0	1758.0	1414.0	873.0	3024.0	280.0	2744.0
252603.0	119316.0	121916.0	1313.0	2734.0	126.0	3334.0	3864.0	987.0	2877.0
197204.0	139673.0	49158.0	666.0	2848.0	0.0	499.0	4360.0	278.0	4082.0
446042.0	216944.0	204613.0	1344.0	14583.0	157.0	2318.0	6083.0	117.0	5966.0
73913.0	45728.0	22880.0	87.0	1511.0	0.0	1006.0	2701.0	0.0	2701.0
435716.0	281406.0	115411.0	2363.0	18730.0	0.0	10903.0	6903.0	872.0	6031.0
235644.0	166104.0	61683.0	244.0	4203.0	0.0	248.0	3162.0	124.0	3038.0
98020.0	77340.0	12889.0	2065.0	997.0	0.0	1977.0	2752.0	356.0	2396.0
384320.0	133630.0	227369.0	442.0	11598.0	393.0	5219.0	5669.0	499.0	5170.0
156325.0	93808.0	58885.0	267.0	1534.0	0.0	433.0	1398.0	358.0	1040.0
132488.0	84769.0	41969.0	617.0	2027.0	46.0	293.0	2767.0	764.0	2003.0
245829.0	204052.0	28706.0	1183.0	3772.0	175.0	2254.0	5687.0	1255.0	4432.0
127049.0	85670.0	36943.0	196.0	894.0	47.0	273.0	3026.0	306.0	2720.0
113328.0	81533.0	22680.0	6809.0	1082.0	0.0	500.0	724.0	0.0	724.0
107440.0	98930.0	1931.0	255.0	940.0	16.0	72.0	5296.0	128.0	5168.0
69447.0	65929.0	512.0	1254.0	344.0	7.0	222.0	1179.0	152.0	1027.0
287797.0	265376.0	8481.0	767.0	5673.0	0.0	1370.0	6130.0	189.0	5941.0
121112.0	116742.0	980.0	721.0	1183.0	0.0	45.0	1441.0	19.0	1422.0
153414.0	145290.0	1604.0	1554.0	2090.0	13.0	410.0	2453.0	92.0	2361.0
200710.0	193090.0	1698.0	987.0	2009.0	0.0	238.0	2688.0	120.0	2568.0
72952.0	64412.0	5716.0	141.0	509.0	0.0	215.0	1959.0	70.0	1889.0
560133.0	419564.0	93289.0	861.0	21238.0	0.0	8775.0	16406.0	1181.0	15225.0
826925.0	516823.0	230073.0	1564.0	48422.0	349.0	9652.0	20042.0	2320.0	17722.0
90613.0	74083.0	10472.0	332.0	1505.0	0.0	591.0	3630.0	110.0	3520.0
167830.0	155605.0	5366.0	236.0	2896.0	182.0	940.0	2605.0	0.0	2605.0
102383.0	91411.0	6950.0	409.0	1630.0	154.0	240.0	1589.0	31.0	1558.0
154747.0	73503.0	65353.0	642.0	4407.0	141.0	1995.0	8706.0	816.0	7890.0
243675.0	197806.0	22711.0	496.0	10982.0	218.0	3146.0	8316.0	1144.0	7172.0
250105.0	197199.0	34347.0	481.0	7567.0	0.0	4866.0	5645.0	646.0	4999.0
309284.0	185680.0	57938.0	659.0	50600.0	0.0	2566.0	11841.0	844.0	10997.0
1030447.0	560657.0	184751.0	2993.0	151854.0	522.0	90041.0	39629.0	7518.0	32111.0
904430.0	201253.0	566677.0	2779.0	39599.0	39.0	70748.0	23335.0	3831.0	19504.0
110382.0	87505.0	15751.0	249.0	3044.0	0.0	419.0	3414.0	134.0	3280.0
149573.0	124917.0	14657.0	981.0	2544.0	29.0	680.0	5765.0	553.0	5212.0
101539.0	69749.0	26318.0	0.0	3298.0	0.0	647.0	1527.0	278.0	1249.0
622793.0	188819.0	390044.0	1565.0	16984.0	108.0	11584.0	13689.0	946.0	12743.0
214914.0	199233.0	6312.0	965.0	3396.0	0.0	1133.0	3875.0	671.0	3204.0
128715.0	116937.0	4542.0	503.0	1924.0	0.0	2580.0	2229.0	187.0	2042.0
554194.0	474820.0	22162.0	1244.0	11559.0	0.0	29236.0	15173.0	3406.0	11767.0
769091.0	604859.0	26411.0	2894.0	27437.0	0.0	88043.0	19447.0	3309.0	16138.0
70862.0	66212.0	1088.0	125.0	1525.0	0.0	642.0	1270.0	322.0	948.0
468161.0	371039.0	39262.0	1721.0	10243.0	207.0	33270.0	12419.0	2565.0	9854.0
160939.0	142734.0	4849.0	327.0	8703.0	83.0	1278.0	2965.0	208.0	2757.0
1570315.0	1234546.0	76385.0	2519.0	170468.0	487.0	37919.0	47991.0	6399.0	41592.0
692254.0	556324.0	43023.0	809.0	68585.0	56.0	6420.0	17037.0	1716.0	15321.0
507022.0	429097.0	47245.0	303.0	5711.0	301.0	9784.0	14581.0	2267.0	12314.0
767254.0	430565.0	167529.0	2398.0	66467.0	59.0	52596.0	47640.0	5524.0	42116.0
813475.0	694267.0	38156.0	1691.0	36870.0	136.0	16762.0	25593.0	3351.0	22242.0
113847.0	108042.0	1969.0	1214.0	685.0	0.0	602.0	1335.0	329.0	1006.0
106179.0	100324.0	1742.0	171.0	578.0	0.0	547.0	2817.0	0.0	2817.0
155233.0	123053.0	23734.0	590.0	3178.0	71.0	1090.0	3517.0	255.0	3262.0
134878.0	111921.0	14443.0	1514.0	3010.0	0.0	412.0	3578.0	289.0	3289.0
77297.0	72363.0	1190.0	251.0	1258.0	0.0	254.0	1981.0	319.0	1662.0
108579.0	93914.0	7068.0	349.0	2400.0	0.0	1841.0	3007.0	421.0	2586.0
412895.0	309897.0	82783.0	2140.0	4512.0	103.0	1802.0	11658.0	585.0	11073.0
90782.0	86081.0	1325.0	1266.0	696.0	0.0	288.0	1126.0	176.0	950.0
284582.0	215557.0	34039.0	999.0	15757.0	8.0	4899.0	13323.0	918.0	12405.0
70616.0	62297.0	1767.0	2436.0	850.0	0.0	119.0	3147.0	265.0	2882.0
159741.0	140018.0	13117.0	800.0	1395.0	0.0	927.0	3484.0	256.0	3228.0
258818.0	211791.0	26981.0	810.0	6494.0	312.0	1349.0	11081.0	590.0	10491.0
629237.0	505196.0	61107.0	3912.0	16634.0	346.0	21438.0	20604.0	2840.0	17764.0
88153.0	84323.0	1236.0	844.0	0.0	0.0	603.0	1147.0	286.0	861.0
99047.0	91146.0	2607.0	173.0	281.0	0.0	2160.0	2680.0	245.0	2435.0
185596.0	179042.0	739.0	599.0	1798.0	0.0	757.0	2661.0	36.0	2625.0
860112.0	708694.0	93015.0	2258.0	31872.0	0.0	4721.0	19552.0	1438.0	18114.0
67676.0	63182.0	1569.0	440.0	611.0	71.0	73.0	1730.0	217.0	1513.0
83427.0	78212.0	1173.0	495.0	1928.0	47.0	314.0	1258.0	204.0	1054.0
149824.0	141651.0	3172.0	617.0	1218.0	0.0	908.0	2258.0	19.0	2239.0
172344.0	139342.0	22352.0	1151.0	1189.0	36.0	678.0	7596.0	54.0	7542.0
1237868.0	938992.0	172686.0	3026.0	81156.0	236.0	9607.0	32165.0	1865.0	30300.0
276292.0	246469.0	4128.0	672.0	7607.0	0.0	11163.0	6253.0	829.0	5424.0
195012.0	145658.0	35862.0	644.0	2685.0	0.0	4527.0	5636.0	1007.0	4629.0
160078.0	150328.0	3230.0	278.0	1225.0	0.0	846.0	4171.0	346.0	3825.0
68933.0	66828.0	312.0	202.0	482.0	46.0	55.0	1008.0	33.0	975.0
75199.0	64935.0	2761.0	331.0	522.0	35.0	3290.0	3325.0	898.0	2427.0
356874.0	265066.0	41152.0	571.0	31462.0	380.0	2755.0	15488.0	716.0	14772.0
1764804.0	943701.0	690277.0	6835.0	53189.0	261.0	34084.0	36457.0	3303.0	33154.0
341864.0	290868.0	17827.0	1656.0	13779.0	42.0	5587.0	12105.0	1755.0	10350.0
65385.0	59982.0	1578.0	271.0	1537.0	67.0	354.0	1596.0	77.0	1519.0
97338.0	90722.0	1273.0	183.0	2876.0	0.0	469.0	1815.0	0.0	1815.0
412529.0	341455.0	22278.0	1171.0	19643.0	35.0	15966.0	11981.0	906.0	11075.0
1212064.0	897706.0	150475.0	7753.0	85403.0	640.0	29845.0	40242.0	2787.0	37455.0
150287.0	128107.0	8637.0	209.0	9795.0	0.0	1230.0	2309.0	0.0	2309.0
532655.0	363344.0	60165.0	4149.0	73182.0	168.0	11501.0	20146.0	2149.0	17997.0
65151.0	59331.0	3025.0	259.0	1242.0	45.0	551.0	698.0	16.0	682.0
200949.0	185639.0	3353.0	4021.0	2036.0	122.0	602.0	5176.0	174.0	5002.0
139672.0	119305.0	5466.0	1357.0	8599.0	492.0	1824.0	2629.0	273.0	2356.0
91126.0	84714.0	1392.0	915.0	977.0	0.0	79.0	3049.0	12.0	3037.0
152912.0	139382.0	6055.0	748.0	3203.0	0.0	1550.0	1974.0	164.0	1810.0
249283.0	216415.0	9359.0	1093.0	12465.0	97.0	1172.0	8682.0	509.0	8173.0
129918.0	123884.0	1624.0	205.0	1919.0	0.0	440.0	1846.0	119.0	1727.0
170913.0	121169.0	42177.0	294.0	1393.0	21.0	1744.0	4115.0	513.0	3602.0
76330.0	45975.0	27722.0	0.0	434.0	0.0	171.0	2028.0	171.0	1857.0
199058.0	136124.0	46670.0	709.0	4665.0	10.0	3937.0	6943.0	49.0	6894.0
243729.0	66752.0	172747.0	288.0	1882.0	0.0	97.0	1963.0	169.0	1794.0
141137.0	102257.0	31218.0	269.0	2822.0	0.0	1275.0	3296.0	235.0	3061.0
79739.0	43195.0	34445.0	63.0	830.0	0.0	784.0	422.0	0.0	422.0
101688.0	57326.0	39393.0	45.0	2434.0	0.0	2161.0	329.0	49.0	280.0
148070.0	113334.0	30247.0	324.0	1941.0	0.0	534.0	1690.0	0.0	1690.0
172717.0	140791.0	15427.0	906.0	6757.0	4.0	1233.0	7599.0	414.0	7185.0
89486.0	78969.0	5806.0	211.0	685.0	42.0	794.0	2979.0	182.0	2797.0
78043.0	68636.0	6248.0	227.0	995.0	101.0	238.0	1598.0	76.0	1522.0
100889.0	93008.0	3839.0	491.0	802.0	0.0	478.0	2271.0	159.0	2112.0
82101.0	78458.0	635.0	729.0	578.0	328.0	645.0	728.0	0.0	728.0
233682.0	202489.0	13340.0	1050.0	4376.0	358.0	2987.0	9082.0	1427.0	7655.0
76557.0	61597.0	9128.0	349.0	717.0	0.0	2462.0	2304.0	157.0	2147.0
285865.0	260943.0	9994.0	701.0	4849.0	72.0	1040.0	8266.0	697.0	7569.0
683191.0	446584.0	162907.0	2730.0	13054.0	970.0	35207.0	21739.0	3666.0	18073.0
117543.0	106758.0	3320.0	1629.0	1568.0	0.0	1551.0	2717.0	79.0	2638.0
222716.0	214127.0	2673.0	790.0	1686.0	172.0	1192.0	2076.0	0.0	2076.0
94788.0	82204.0	6119.0	602.0	2579.0	0.0	815.0	2469.0	0.0	2469.0
379493.0	344209.0	17555.0	713.0	8906.0	68.0	1055.0	6987.0	213.0	6774.0
1001876.0	695450.0	237577.0	1732.0	38163.0	167.0	4971.0	23816.0	1069.0	22747.0
317419.0	145959.0	148875.0	663.0	9411.0	194.0	5077.0	7240.0	565.0	6675.0
82344.0	73653.0	1165.0	4498.0	920.0	68.0	112.0	1928.0	17.0	1911.0
94924.0	90326.0	159.0	1614.0	897.0	33.0	395.0	1500.0	126.0	1374.0
97308.0	92357.0	412.0	831.0	1285.0	20.0	153.0	2250.0	263.0	1987.0
65856.0	61550.0	314.0	1533.0	292.0	0.0	664.0	1503.0	56.0	1447.0
112684.0	104198.0	392.0	4416.0	1054.0	45.0	51.0	2528.0	61.0	2467.0
155634.0	142449.0	1062.0	7514.0	1036.0	88.0	585.0	2900.0	331.0	2569.0
543244.0	434688.0	60541.0	4650.0	17290.0	548.0	9618.0	15909.0	1754.0	14155.0
301795.0	264267.0	12440.0	752.0	12891.0	47.0	3791.0	7607.0	764.0	6843.0
172193.0	153534.0	7106.0	438.0	3924.0	0.0	1376.0	5815.0	454.0	5361.0
2069681.0	1292785.0	230013.0	10667.0	192892.0	14445.0	229245.0	99634.0	16391.0	83243.0
440078.0	359033.0	9623.0	6540.0	22254.0	2531.0	21505.0	18592.0	2025.0	16567.0
76115.0	72573.0	650.0	306.0	1173.0	0.0	448.0	965.0	386.0	579.0
89658.0	83108.0	1125.0	614.0	3560.0	320.0	73.0	858.0	115.0	743.0
405184.0	367155.0	9344.0	586.0	14656.0	117.0	2677.0	10649.0	1982.0	8667.0
147171.0	138913.0	1699.0	34.0	2769.0	0.0	983.0	2773.0	193.0	2580.0
300621.0	284729.0	2218.0	218.0	5160.0	0.0	1535.0	6761.0	1639.0	5122.0
125604.0	117242.0	611.0	12.0	4535.0	0.0	343.0	2861.0	32.0	2829.0
275209.0	186325.0	43439.0	404.0	22964.0	0.0	10983.0	11094.0	3877.0	7217.0
933572.0	653497.0	55664.0	1636.0	149488.0	160.0	53772.0	19355.0	5592.0	13763.0
449722.0	324526.0	70267.0	436.0	19690.0	101.0	13860.0	20842.0	2595.0	18247.0
511038.0	315753.0	101125.0	1445.0	29608.0	146.0	52338.0	10623.0	2962.0	7661.0
95344.0	85658.0	4975.0	0.0	972.0	79.0	2574.0	1086.0	257.0	829.0
157389.0	97487.0	30635.0	1040.0	1931.0	0.0	19645.0	6651.0	1235.0	5416.0
795723.0	326955.0	318649.0	2240.0	40041.0	225.0	91010.0	16603.0	5508.0	11095.0
290951.0	239830.0	30974.0	39.0	8587.0	120.0	5018.0	6383.0	580.0	5803.0
669115.0	384873.0	88333.0	698.0	99389.0	305.0	79845.0	15672.0	4237.0	11435.0
126067.0	114785.0	3311.0	198.0	5020.0	0.0	1775.0	978.0	167.0	811.0
371537.0	238314.0	76104.0	456.0	37568.0	0.0	12108.0	6987.0	1499.0	5488.0
836297.0	502727.0	83079.0	1430.0	199268.0	444.0	33589.0	15760.0	4625.0	11135.0
629279.0	516875.0	42467.0	335.0	33645.0	609.0	19073.0	16275.0	2740.0	13535.0
499727.0	408344.0	16594.0	448.0	50733.0	148.0	15762.0	7698.0	1416.0	6282.0
586301.0	538426.0	17740.0	165.0	11685.0	163.0	8673.0	9449.0	1772.0	7677.0
508856.0	296365.0	62185.0	3080.0	27736.0	51.0	101558.0	17881.0	5714.0	12167.0
64715.0	52564.0	9904.0	96.0	163.0	0.0	1025.0	963.0	193.0	770.0
332568.0	223107.0	31241.0	635.0	55125.0	0.0	15758.0	6702.0	1001.0	5701.0
144909.0	135172.0	3043.0	72.0	2735.0	0.0	1562.0	2325.0	377.0	1948.0
552939.0	315842.0	117466.0	328.0	28099.0	0.0	79855.0	11349.0	2921.0	8428.0
106917.0	96231.0	4859.0	89.0	3046.0	44.0	1416.0	1232.0	64.0	1168.0
675551.0	488448.0	18120.0	32515.0	16746.0	182.0	88412.0	31128.0	16516.0	14612.0
65878.0	49670.0	1527.0	661.0	278.0	78.0	11709.0	1955.0	808.0	1147.0
213676.0	189090.0	4111.0	2355.0	2602.0	0.0	11940.0	3578.0	895.0	2683.0
69999.0	61834.0	3200.0	693.0	0.0	0.0	3315.0	957.0	257.0	700.0
74098.0	12412.0	230.0	56794.0	714.0	40.0	2620.0	1288.0	94.0	1194.0
65082.0	49341.0	2413.0	4588.0	922.0	222.0	5123.0	2473.0	835.0	1638.0
137608.0	93728.0	2838.0	17047.0	2199.0	0.0	16767.0	5029.0	1732.0	3297.0
123785.0	65989.0	115.0	47876.0	808.0	13.0	7042.0	1942.0	513.0	1429.0
148164.0	120519.0	1225.0	5143.0	2097.0	45.0	15523.0	3612.0	1380.0	2232.0
75817.0	58416.0	130.0	3790.0	355.0	0.0	11181.0	1945.0	892.0	1053.0
308171.0	236093.0	37346.0	161.0	18754.0	38.0	4922.0	10857.0	1291.0	9566.0
1438159.0	287405.0	477980.0	7560.0	55057.0	928.0	566230.0	42999.0	19489.0	23510.0
197349.0	170843.0	10367.0	631.0	8516.0	125.0	1507.0	5360.0	452.0	4908.0
78600.0	72271.0	1572.0	2354.0	783.0	0.0	462.0	1158.0	90.0	1068.0
78823.0	72054.0	3588.0	589.0	159.0	0.0	769.0	1664.0	383.0	1281.0
132053.0	123006.0	2952.0	630.0	334.0	0.0	1796.0	3335.0	118.0	3217.0
87770.0	77192.0	4731.0	91.0	1848.0	0.0	37.0	3871.0	668.0	3203.0
81632.0	74009.0	3114.0	217.0	1289.0	24.0	1587.0	1392.0	64.0	1328.0
296579.0	231851.0	30761.0	1630.0	11576.0	0.0	12921.0	7840.0	620.0	7220.0
922835.0	720192.0	124150.0	4483.0	30501.0	360.0	21162.0	21987.0	4152.0	17835.0
119103.0	102119.0	6094.0	585.0	2408.0	42.0	3359.0	4496.0	595.0	3901.0
2621793.0	1119522.0	878783.0	7874.0	308927.0	720.0	242074.0	63893.0	15689.0	48204.0
64586.0	60813.0	2040.0	131.0	844.0	0.0	40.0	718.0	197.0	521.0
72369.0	68568.0	834.0	1427.0	781.0	0.0	114.0	645.0	6.0	639.0
749857.0	570646.0	113962.0	4099.0	25081.0	61.0	13182.0	22826.0	2749.0	20077.0
1358627.0	940760.0	157184.0	2740.0	118337.0	0.0	92109.0	47497.0	12148.0	35349.0
1636268.0	910469.0	244316.0	8448.0	192074.0	165.0	209990.0	70806.0	11093.0	59713.0
213525.0	187276.0	15503.0	2651.0	2260.0	230.0	1956.0	3649.0	0.0	3649.0
232871.0	201688.0	14946.0	357.0	8451.0	0.0	3024.0	4405.0	425.0	3980.0
468196.0	375012.0	53276.0	2643.0	17676.0	111.0	5055.0	14423.0	1945.0	12478.0
109707.0	102023.0	3178.0	792.0	1289.0	0.0	802.0	1623.0	297.0	1326.0
376099.0	278045.0	39248.0	1219.0	9638.0	34.0	34617.0	13298.0	4612.0	8686.0
120913.0	115169.0	1643.0	115.0	296.0	0.0	1117.0	2573.0	54.0	2519.0
99487.0	88935.0	2491.0	115.0	2400.0	0.0	3145.0	2401.0	320.0	2081.0
2321580.0	947570.0	429817.0	8821.0	578028.0	1062.0	283693.0	72589.0	27062.0	45527.0
159774.0	138693.0	8606.0	37.0	3847.0	0.0	1474.0	7117.0	805.0	6312.0
473279.0	354724.0	48233.0	1280.0	38028.0	71.0	15279.0	15664.0	3304.0	12360.0
323866.0	228015.0	39617.0	604.0	20470.0	26.0	26207.0	8927.0	1692.0	7235.0
111400.0	103359.0	2211.0	1403.0	1168.0	97.0	1239.0	1923.0	410.0	1513.0
224921.0	210847.0	3924.0	161.0	5204.0	0.0	1271.0	3514.0	229.0	3285.0
155735.0	121696.0	16601.0	131.0	7368.0	0.0	4042.0	5897.0	1440.0	4457.0
98394.0	93486.0	1498.0	180.0	1580.0	33.0	156.0	1461.0	110.0	1351.0
1502968.0	1206883.0	117514.0	4169.0	55311.0	180.0	80293.0	38618.0	10292.0	28326.0
75943.0	62419.0	6076.0	245.0	1058.0	0.0	2897.0	3248.0	256.0	2992.0
104691.0	84438.0	5104.0	118.0	10825.0	0.0	496.0	3710.0	256.0	3454.0
180445.0	155477.0	10537.0	225.0	3887.0	0.0	3125.0	7194.0	759.0	6435.0
92051.0	85349.0	2815.0	142.0	655.0	0.0	754.0	2336.0	425.0	1911.0
972634.0	647943.0	139734.0	6548.0	57679.0	18.0	92066.0	28646.0	10017.0	18629.0
155792.0	113367.0	27856.0	228.0	2325.0	41.0	6457.0	5518.0	125.0	5393.0
118836.0	98504.0	13122.0	896.0	768.0	95.0	3171.0	2280.0	71.0	2209.0
250539.0	220891.0	17976.0	911.0	3645.0	22.0	1423.0	5671.0	1401.0	4270.0
89486.0	73903.0	6850.0	443.0	3240.0	0.0	4354.0	696.0	123.0	573.0
192103.0	140127.0	33030.0	765.0	4915.0	0.0	11224.0	2042.0	175.0	1867.0
81484.0	72997.0	4199.0	274.0	475.0	168.0	2394.0	977.0	236.0	741.0
68811.0	61710.0	3959.0	164.0	558.0	0.0	209.0	2211.0	208.0	2003.0
154534.0	122767.0	13314.0	275.0	6200.0	0.0	9348.0	2630.0	29.0	2601.0
68698.0	51524.0	8580.0	195.0	657.0	0.0	4688.0	3054.0	1776.0	1278.0
97076.0	74077.0	20450.0	478.0	492.0	0.0	85.0	1494.0	46.0	1448.0
104510.0	74298.0	21807.0	624.0	2170.0	126.0	1017.0	4468.0	157.0	4311.0
326328.0	170056.0	117364.0	5139.0	8620.0	953.0	6170.0	18026.0	1377.0	16649.0
164072.0	140453.0	14506.0	545.0	1949.0	129.0	3511.0	2979.0	27.0	2952.0
294460.0	149221.0	111413.0	295.0	12479.0	226.0	12595.0	8231.0	1546.0	6685.0
365298.0	241129.0	94255.0	675.0	7587.0	0.0	15915.0	5737.0	429.0	5308.0
211127.0	160412.0	32479.0	699.0	3406.0	48.0	9596.0	4487.0	400.0	4087.0
512119.0	291168.0	171523.0	2187.0	22070.0	206.0	14806.0	10159.0	1507.0	8652.0
126666.0	87352.0	26028.0	981.0	1593.0	129.0	4041.0	6542.0	1269.0	5273.0
111149.0	100530.0	3397.0	105.0	990.0	1028.0	3370.0	1729.0	0.0	1729.0
166675.0	134253.0	20774.0	713.0	3628.0	206.0	4211.0	2890.0	717.0	2173.0
181423.0	139514.0	26861.0	1080.0	1592.0	0.0	9268.0	3108.0	384.0	2724.0
79829.0	71247.0	4912.0	224.0	68.0	0.0	2199.0	1179.0	300.0	879.0
1012539.0	565184.0	310461.0	2631.0	53170.0	412.0	49181.0	31500.0	2851.0	28649.0
93077.0	76760.0	13169.0	80.0	1084.0	0.0	950.0	1034.0	111.0	923.0
94357.0	49603.0	36987.0	612.0	672.0	0.0	4565.0	1918.0	340.0	1578.0
216298.0	174863.0	31572.0	115.0	2695.0	0.0	2546.0	4507.0	428.0	4079.0
187589.0	136008.0	32457.0	915.0	1186.0	96.0	7669.0	9258.0	1581.0	7677.0
140420.0	103806.0	17196.0	737.0	10634.0	0.0	4537.0	3510.0	317.0	3193.0
175354.0	100831.0	59803.0	663.0	2848.0	25.0	7520.0	3664.0	259.0	3405.0
142778.0	124554.0	8662.0	666.0	1470.0	47.0	4877.0	2502.0	104.0	2398.0
134760.0	40823.0	32969.0	50802.0	899.0	0.0	5878.0	3389.0	302.0	3087.0
91696.0	69677.0	17304.0	143.0	646.0	394.0	2147.0	1385.0	369.0	1016.0
138630.0	108863.0	23049.0	96.0	1382.0	0.0	3313.0	1927.0	281.0	1646.0
72968.0	67414.0	3299.0	350.0	261.0	0.0	1047.0	597.0	10.0	587.0
218568.0	177525.0	25460.0	1435.0	4519.0	67.0	5440.0	4122.0	661.0	3461.0
998691.0	667782.0	203155.0	3480.0	62548.0	515.0	32778.0	28433.0	3072.0	25361.0
124456.0	70999.0	40185.0	26.0	1732.0	0.0	8756.0	2758.0	718.0	2040.0
81401.0	41486.0	32317.0	54.0	741.0	8.0	5681.0	1114.0	367.0	747.0
90503.0	83174.0	442.0	3724.0	205.0	0.0	647.0	2311.0	45.0	2266.0
167005.0	149268.0	6456.0	2062.0	4603.0	0.0	1183.0	3433.0	121.0	3312.0
70138.0	62464.0	2245.0	1928.0	1640.0	0.0	316.0	1545.0	10.0	1535.0
69384.0	61191.0	2990.0	1430.0	1026.0	0.0	843.0	1904.0	113.0	1791.0
105040.0	87361.0	12823.0	282.0	580.0	0.0	561.0	3433.0	611.0	2822.0
99175.0	92024.0	3482.0	106.0	148.0	237.0	805.0	2373.0	168.0	2205.0
69461.0	64889.0	2882.0	71.0	330.0	0.0	319.0	970.0	302.0	668.0
374158.0	320078.0	31702.0	1052.0	10258.0	95.0	4225.0	6748.0	461.0	6287.0
136554.0	117809.0	10831.0	367.0	1042.0	183.0	1593.0	4729.0	0.0	4729.0
201560.0	191094.0	2567.0	322.0	2808.0	463.0	1498.0	2808.0	0.0	2808.0
1259828.0	794957.0	376247.0	4228.0	35863.0	85.0	16756.0	31692.0	4900.0	26792.0
189113.0	167501.0	6536.0	71.0	9037.0	696.0	1287.0	3985.0	109.0	3876.0
75828.0	65435.0	6586.0	0.0	425.0	0.0	773.0	2609.0	392.0	2217.0
150381.0	133585.0	10047.0	122.0	2020.0	0.0	1276.0	3331.0	540.0	2791.0
1231393.0	847633.0	263041.0	1343.0	54985.0	167.0	16812.0	47412.0	3496.0	43916.0
94295.0	90952.0	1029.0	299.0	670.0	0.0	104.0	1241.0	225.0	1016.0
163820.0	141689.0	12063.0	218.0	4977.0	78.0	509.0	4286.0	0.0	4286.0
806631.0	551212.0	208216.0	614.0	17963.0	86.0	8838.0	19702.0	1750.0	17952.0
75337.0	70180.0	1165.0	0.0	1557.0	0.0	658.0	1777.0	698.0	1079.0
229230.0	212403.0	7896.0	274.0	3147.0	0.0	1226.0	4284.0	569.0	3715.0
169390.0	156790.0	5971.0	118.0	1761.0	0.0	675.0	4075.0	404.0	3671.0
304216.0	259151.0	24293.0	1329.0	2605.0	0.0	4163.0	12675.0	955.0	11720.0
435286.0	315169.0	79811.0	1413.0	8264.0	130.0	8917.0	21582.0	6019.0	15563.0
233204.0	188038.0	36027.0	156.0	2209.0	0.0	1876.0	4898.0	519.0	4379.0
65720.0	59749.0	3727.0	49.0	282.0	44.0	189.0	1680.0	37.0	1643.0
176029.0	167716.0	2661.0	305.0	2566.0	52.0	536.0	2193.0	95.0	2098.0
103900.0	97841.0	2322.0	115.0	1528.0	173.0	134.0	1787.0	89.0	1698.0
533116.0	391215.0	111580.0	1735.0	9939.0	52.0	3514.0	15081.0	889.0	14192.0
85818.0	79198.0	2038.0	279.0	306.0	0.0	25.0	3972.0	697.0	3275.0
161882.0	147943.0	7257.0	447.0	3157.0	0.0	446.0	2632.0	271.0	2361.0
121942.0	106525.0	6854.0	71.0	785.0	0.0	51.0	7656.0	279.0	7377.0
77159.0	69400.0	4959.0	29.0	570.0	0.0	798.0	1403.0	0.0	1403.0
77258.0	73218.0	1700.0	457.0	932.0	0.0	106.0	845.0	0.0	845.0
375736.0	333070.0	25665.0	360.0	2367.0	194.0	842.0	13238.0	202.0	13036.0
541943.0	430417.0	78174.0	1334.0	14880.0	62.0	3341.0	13735.0	548.0	13187.0
205175.0	181617.0	18701.0	239.0	905.0	19.0	246.0	3448.0	595.0	2853.0
92788.0	89831.0	1030.0	264.0	794.0	0.0	615.0	254.0	0.0	254.0
221659.0	197304.0	7758.0	180.0	10258.0	0.0	2468.0	3691.0	557.0	3134.0
115537.0	110059.0	2180.0	102.0	1010.0	0.0	533.0	1653.0	87.0	1566.0
129590.0	120285.0	3488.0	147.0	2055.0	0.0	579.0	3036.0	254.0	2782.0
129582.0	106256.0	3617.0	4166.0	4540.0	14.0	3409.0	7580.0	389.0	7191.0
269908.0	212856.0	12822.0	9532.0	11556.0	228.0	3129.0	19785.0	1847.0	17938.0
125033.0	79135.0	21459.0	7040.0	2625.0	911.0	2795.0	11068.0	1081.0	9987.0
70632.0	56738.0	1526.0	7977.0	400.0	61.0	356.0	3574.0	10.0	3564.0
69966.0	41823.0	7840.0	12720.0	756.0	0.0	1914.0	4913.0	137.0	4776.0
766215.0	529779.0	116026.0	20438.0	26366.0	683.0	19866.0	53057.0	1844.0	51213.0
80264.0	65193.0	3192.0	4543.0	3407.0	145.0	383.0	3401.0	186.0	3215.0
71811.0	54404.0	2362.0	10976.0	168.0	0.0	711.0	3190.0	21.0	3169.0
89815.0	67311.0	1007.0	10896.0	985.0	10.0	1469.0	8137.0	90.0	8047.0
629598.0	444555.0	62543.0	28165.0	16594.0	813.0	25268.0	51660.0	1448.0	50212.0
75702.0	57391.0	2363.0	6140.0	1121.0	0.0	1006.0	7681.0	41.0	7640.0
86316.0	75639.0	604.0	201.0	5682.0	293.0	743.0	3154.0	263.0	2891.0
394972.0	349834.0	3962.0	2528.0	16165.0	1030.0	9334.0	12119.0	650.0	11469.0
170388.0	159453.0	656.0	913.0	2158.0	0.0	2874.0	4334.0	20.0	4314.0
106972.0	99388.0	777.0	1701.0	1211.0	329.0	805.0	2761.0	87.0	2674.0
210287.0	193109.0	741.0	1280.0	2852.0	213.0	2901.0	9191.0	226.0	8965.0
83599.0	75446.0	764.0	939.0	404.0	11.0	2885.0	3150.0	0.0	3150.0
65455.0	58672.0	285.0	1425.0	560.0	72.0	590.0	3851.0	92.0	3759.0
358337.0	317454.0	3458.0	3324.0	8581.0	514.0	6489.0	18517.0	680.0	17837.0
119356.0	110045.0	321.0	2518.0	1257.0	0.0	2388.0	2827.0	207.0	2620.0
326110.0	264841.0	3849.0	4290.0	6514.0	2386.0	21623.0	22607.0	6187.0	16420.0
776712.0	598881.0	39864.0	6960.0	52722.0	4807.0	30273.0	43205.0	4871.0	38334.0
77916.0	67502.0	749.0	923.0	1265.0	531.0	2002.0	4944.0	140.0	4804.0
76705.0	62292.0	602.0	2163.0	300.0	150.0	6876.0	4322.0	715.0	3607.0
562998.0	434356.0	10474.0	4398.0	53771.0	1960.0	32052.0	25987.0	2181.0	23806.0
101758.0	93367.0	1424.0	787.0	1554.0	372.0	1172.0	3082.0	78.0	3004.0
101714.0	93140.0	1701.0	62.0	535.0	0.0	4065.0	2211.0	364.0	1847.0
1231255.0	991681.0	160612.0	1578.0	41281.0	225.0	6599.0	29279.0	1776.0	27503.0
169392.0	153447.0	10101.0	198.0	984.0	0.0	876.0	3786.0	60.0	3726.0
413691.0	338562.0	21712.0	3176.0	6162.0	47.0	12627.0	31405.0	3054.0	28351.0
125955.0	120874.0	1733.0	0.0	897.0	0.0	156.0	2295.0	0.0	2295.0
626685.0	557246.0	25846.0	512.0	27567.0	0.0	4776.0	10738.0	1435.0	9303.0
185943.0	179091.0	2036.0	41.0	1954.0	203.0	109.0	2509.0	228.0	2281.0
137732.0	129271.0	4735.0	183.0	660.0	0.0	324.0	2559.0	525.0	2034.0
158742.0	139355.0	6943.0	499.0	9023.0	0.0	403.0	2519.0	344.0	2175.0
512784.0	438415.0	32724.0	465.0	23426.0	8.0	8809.0	8937.0	785.0	8152.0
81191.0	77095.0	2390.0	24.0	358.0	0.0	131.0	1193.0	431.0	762.0
67122.0	63360.0	1316.0	68.0	818.0	140.0	716.0	704.0	236.0	468.0
87175.0	83495.0	1764.0	110.0	188.0	0.0	286.0	1332.0	34.0	1298.0
243762.0	217479.0	8669.0	70.0	8340.0	24.0	3404.0	5776.0	275.0	5501.0
271453.0	198849.0	48018.0	193.0	9851.0	114.0	6154.0	8274.0	763.0	7511.0
562960.0	399246.0	118835.0	745.0	29698.0	239.0	3689.0	10508.0	811.0	9697.0
278443.0	242549.0	19063.0	700.0	4315.0	186.0	2942.0	8688.0	1183.0	7505.0
152892.0	142493.0	7388.0	613.0	723.0	0.0	552.0	1123.0	58.0	1065.0
87706.0	82409.0	2527.0	356.0	672.0	0.0	324.0	1418.0	65.0	1353.0
212719.0	197218.0	6946.0	194.0	4773.0	15.0	1362.0	2211.0	0.0	2211.0
533320.0	468111.0	23429.0	1266.0	11453.0	0.0	19977.0	9084.0	2487.0	6597.0
136359.0	119918.0	3094.0	150.0	1245.0	0.0	9173.0	2779.0	862.0	1917.0
357823.0	275619.0	23822.0	1234.0	10381.0	31.0	35226.0	11510.0	2438.0	9072.0
318829.0	286830.0	15512.0	641.0	3182.0	276.0	7590.0	4798.0	1246.0	3552.0
116508.0	106037.0	5210.0	221.0	845.0	0.0	1830.0	2365.0	75.0	2290.0
114884.0	104691.0	6301.0	82.0	710.0	0.0	357.0	2743.0	431.0	2312.0
166314.0	131762.0	22823.0	609.0	3460.0	0.0	3923.0	3737.0	707.0	3030.0
816857.0	655005.0	73442.0	763.0	57955.0	0.0	10059.0	19633.0	1582.0	18051.0
300654.0	259243.0	16215.0	1151.0	8214.0	60.0	6119.0	9652.0	1721.0	7931.0
1560297.0	664708.0	660704.0	7367.0	109068.0	897.0	74053.0	43500.0	5637.0	37863.0
145797.0	136964.0	4067.0	158.0	876.0	70.0	1771.0	1891.0	118.0	1773.0
76218.0	72693.0	1934.0	97.0	251.0	22.0	464.0	757.0	46.0	711.0
208187.0	194476.0	6945.0	310.0	2608.0	0.0	405.0	3443.0	204.0	3239.0
359320.0	341629.0	8477.0	552.0	3462.0	34.0	179.0	4987.0	215.0	4772.0
440755.0	391891.0	25115.0	125.0	6369.0	248.0	6471.0	10536.0	806.0	9730.0
165128.0	152595.0	2612.0	402.0	3911.0	0.0	2321.0	3287.0	243.0	3044.0
82358.0	73411.0	3027.0	177.0	1264.0	0.0	1465.0	3014.0	47.0	2967.0
631974.0	467227.0	62137.0	3698.0	26728.0	385.0	52440.0	19359.0	7123.0	12236.0
126653.0	118505.0	2117.0	1302.0	2708.0	0.0	870.0	1151.0	103.0	1048.0
164753.0	114814.0	41016.0	696.0	1685.0	0.0	3716.0	2826.0	93.0	2733.0
192810.0	154255.0	30166.0	447.0	806.0	124.0	1298.0	5714.0	234.0	5480.0
175852.0	133018.0	32060.0	103.0	2486.0	166.0	3334.0	4685.0	1099.0	3586.0
198205.0	133568.0	46459.0	874.0	5331.0	141.0	5698.0	6134.0	159.0	5975.0
381015.0	257190.0	107604.0	293.0	5833.0	91.0	3411.0	6593.0	0.0	6593.0
67799.0	38392.0	26882.0	549.0	483.0	0.0	193.0	1300.0	157.0	1143.0
148469.0	101671.0	37525.0	596.0	2881.0	0.0	422.0	5374.0	343.0	5031.0
139231.0	75745.0	58956.0	491.0	2072.0	0.0	683.0	1284.0	78.0	1206.0
482752.0	368633.0	87874.0	579.0	9474.0	93.0	5464.0	10635.0	1314.0	9321.0
69520.0	43720.0	21723.0	59.0	383.0	0.0	1422.0	2213.0	226.0	1987.0
298832.0	238968.0	42651.0	1317.0	3433.0	64.0	8523.0	3876.0	398.0	3478.0
83160.0	61309.0	18463.0	360.0	645.0	0.0	528.0	1855.0	134.0	1721.0
66533.0	46196.0	17370.0	0.0	249.0	0.0	1709.0	1009.0	50.0	959.0
277888.0	221203.0	38123.0	897.0	4611.0	755.0	5044.0	7255.0	110.0	7145.0
75192.0	65788.0	5660.0	104.0	853.0	0.0	1565.0	1222.0	74.0	1148.0
90090.0	30740.0	55685.0	742.0	1083.0	0.0	1376.0	464.0	0.0	464.0
120368.0	106316.0	8366.0	465.0	2125.0	156.0	1605.0	1335.0	76.0	1259.0
401566.0	191096.0	184937.0	299.0	10618.0	103.0	3738.0	10775.0	813.0	9962.0
293542.0	216043.0	61527.0	812.0	6511.0	38.0	4254.0	4357.0	407.0	3950.0
107919.0	53497.0	50701.0	344.0	1335.0	0.0	104.0	1938.0	434.0	1504.0
245346.0	183403.0	44189.0	1070.0	3802.0	99.0	4214.0	8569.0	63.0	8506.0
182882.0	159684.0	7954.0	5324.0	3394.0	58.0	2246.0	4222.0	644.0	3578.0
108242.0	89708.0	1653.0	8536.0	1237.0	77.0	1208.0	5823.0	86.0	5737.0
75528.0	69678.0	2591.0	100.0	1203.0	0.0	94.0	1862.0	32.0	1830.0
126339.0	119155.0	3674.0	847.0	999.0	43.0	224.0	1397.0	0.0	1397.0
102975.0	93444.0	5385.0	0.0	998.0	0.0	927.0	2221.0	755.0	1466.0
668347.0	419527.0	184190.0	2042.0	21490.0	380.0	25483.0	15235.0	2977.0	12258.0
351220.0	264840.0	69728.0	444.0	6457.0	408.0	1408.0	7935.0	745.0	7190.0
448644.0	382702.0	40438.0	1998.0	9499.0	0.0	4958.0	9049.0	611.0	8438.0
98178.0	58493.0	36592.0	320.0	1016.0	0.0	501.0	1256.0	0.0	1256.0
85515.0	72706.0	10193.0	219.0	763.0	0.0	60.0	1574.0	21.0	1553.0
189961.0	134923.0	38173.0	755.0	3714.0	0.0	3054.0	9342.0	686.0	8656.0
74165.0	69863.0	2001.0	24.0	739.0	77.0	350.0	1111.0	234.0	877.0
68079.0	59162.0	4704.0	454.0	266.0	68.0	1645.0	1780.0	655.0	1125.0
288906.0	228688.0	38585.0	311.0	8680.0	145.0	4070.0	8427.0	303.0	8124.0
95110.0	89563.0	438.0	193.0	1045.0	0.0	1625.0	2246.0	229.0	2017.0
938803.0	374933.0	494192.0	1239.0	23187.0	413.0	26498.0	18341.0	1717.0	16624.0
157047.0	148894.0	3178.0	577.0	782.0	83.0	838.0	2695.0	36.0	2659.0
172706.0	150874.0	12079.0	694.0	2163.0	394.0	3775.0	2727.0	303.0	2424.0
126242.0	116798.0	5470.0	167.0	1300.0	0.0	73.0	2434.0	57.0	2377.0
205226.0	184824.0	9285.0	569.0	8064.0	0.0	398.0	2086.0	48.0	2038.0
125376.0	108951.0	9245.0	281.0	1737.0	317.0	3032.0	1813.0	324.0	1489.0
87750.0	69696.0	14311.0	157.0	246.0	0.0	2618.0	722.0	152.0	570.0
78069.0	63929.0	6602.0	471.0	481.0	0.0	4736.0	1850.0	887.0	963.0
329140.0	206796.0	70194.0	3642.0	9720.0	2484.0	19645.0	16659.0	2594.0	14065.0
1855866.0	1477194.0	140585.0	11412.0	49732.0	868.0	118444.0	57631.0	14348.0	43283.0
93275.0	64720.0	22654.0	848.0	534.0	0.0	1845.0	2674.0	60.0	2614.0
338124.0	258809.0	44786.0	686.0	20887.0	28.0	5697.0	7231.0	946.0	6285.0
209152.0	153798.0	22704.0	327.0	11745.0	0.0	14343.0	6235.0	1084.0	5151.0
420392.0	397731.0	2343.0	1262.0	3074.0	0.0	11787.0	4195.0	1411.0	2784.0
885241.0	636677.0	82209.0	3316.0	110625.0	665.0	23302.0	28447.0	4419.0	24028.0
123694.0	110627.0	2743.0	78.0	968.0	135.0	6764.0	2379.0	587.0	1792.0
75562.0	53553.0	11640.0	456.0	1825.0	193.0	2201.0	5694.0	648.0	5046.0
2518638.0	1571544.0	558524.0	7912.0	144095.0	1404.0	168604.0	66555.0	13017.0	53538.0
753363.0	577638.0	66872.0	3149.0	55311.0	619.0	23417.0	26357.0	3086.0	23271.0
153904.0	122662.0	7199.0	851.0	1450.0	0.0	16083.0	5659.0	1258.0	4401.0
159317.0	125347.0	13728.0	3525.0	774.0	0.0	9373.0	6570.0	1666.0	4904.0
833487.0	696502.0	32166.0	5153.0	9121.0	726.0	72929.0	16890.0	4267.0	12623.0
685345.0	360816.0	141432.0	1976.0	129390.0	171.0	36897.0	14663.0	3078.0	11585.0
314198.0	243822.0	41029.0	799.0	10791.0	0.0	7951.0	9806.0	2125.0	7681.0
123534.0	107812.0	7051.0	1493.0	1293.0	270.0	1749.0	3866.0	257.0	3609.0
123204.0	92417.0	25230.0	684.0	1804.0	0.0	897.0	2172.0	625.0	1547.0
147250.0	108020.0	11375.0	932.0	2497.0	0.0	20712.0	3714.0	606.0	3108.0
4441370.0	2802876.0	847404.0	20502.0	294735.0	3118.0	380101.0	92634.0	22680.0	69954.0
67336.0	45729.0	15660.0	542.0	248.0	0.0	4399.0	758.0	297.0	461.0
185025.0	161581.0	6573.0	325.0	2052.0	323.0	8813.0	5358.0	1394.0	3964.0
79290.0	70415.0	5526.0	190.0	517.0	115.0	1512.0	1015.0	67.0	948.0
831073.0	769631.0	4896.0	1722.0	8153.0	364.0	40191.0	6116.0	3809.0	2307.0
88493.0	69391.0	8405.0	832.0	316.0	0.0	8380.0	1169.0	68.0	1101.0
252235.0	148039.0	85219.0	463.0	9281.0	0.0	5357.0	3876.0	1183.0	2693.0
157456.0	141845.0	3984.0	987.0	1678.0	81.0	3400.0	5481.0	727.0	4754.0
111236.0	92253.0	10918.0	740.0	961.0	29.0	3582.0	2753.0	708.0	2045.0
78117.0	63588.0	6805.0	109.0	1364.0	0.0	4259.0	1992.0	272.0	1720.0
293974.0	227167.0	22069.0	2210.0	5865.0	28.0	27341.0	9294.0	2335.0	6959.0
243441.0	186676.0	35255.0	1325.0	3131.0	0.0	10820.0	6234.0	1238.0	4996.0
155830.0	128798.0	9765.0	831.0	2947.0	160.0	9947.0	3382.0	745.0	2637.0
518947.0	451577.0	23313.0	719.0	13918.0	641.0	17535.0	11244.0	1003.0	10241.0
65301.0	49954.0	12297.0	280.0	1148.0	0.0	866.0	756.0	75.0	681.0
356221.0	317515.0	14703.0	1292.0	6878.0	131.0	10229.0	5473.0	2122.0	3351.0
83433.0	72672.0	7058.0	176.0	800.0	0.0	462.0	2265.0	367.0	1898.0
123164.0	114438.0	1729.0	177.0	447.0	54.0	3415.0	2904.0	155.0	2749.0
121627.0	95884.0	11069.0	586.0	5839.0	594.0	3384.0	4271.0	912.0	3359.0
128220.0	116505.0	3512.0	478.0	1908.0	0.0	1888.0	3929.0	1050.0	2879.0
87809.0	74580.0	4658.0	44.0	2194.0	0.0	3545.0	2788.0	356.0	2432.0
66915.0	60329.0	1292.0	198.0	716.0	0.0	1868.0	2512.0	118.0	2394.0
218842.0	168792.0	38957.0	733.0	3343.0	941.0	3704.0	2372.0	298.0	2074.0
1945360.0	1368855.0	304720.0	8776.0	96238.0	3871.0	103618.0	59282.0	9577.0	49705.0
135143.0	105238.0	10110.0	1248.0	2419.0	107.0	12043.0	3978.0	1205.0	2773.0
116608.0	97279.0	4324.0	264.0	1174.0	0.0	10751.0	2816.0	265.0	2551.0
1151145.0	891959.0	96683.0	4392.0	71971.0	413.0	54085.0	31642.0	5176.0	26466.0
91081.0	81158.0	5457.0	192.0	1277.0	0.0	1252.0	1745.0	437.0	1308.0
266673.0	251857.0	1187.0	550.0	1558.0	0.0	9972.0	1549.0	601.0	948.0
132355.0	102561.0	13682.0	1679.0	2738.0	0.0	6428.0	5267.0	521.0	4746.0
489250.0	400766.0	32320.0	1377.0	28454.0	163.0	12315.0	13855.0	2981.0	10874.0
118343.0	106227.0	223.0	781.0	3289.0	440.0	5288.0	2095.0	366.0	1729.0
329692.0	297761.0	4817.0	1135.0	6695.0	1166.0	7808.0	10310.0	2389.0	7921.0
1091742.0	884711.0	18547.0	8131.0	41693.0	17709.0	89514.0	31437.0	7969.0	23468.0
560974.0	517815.0	3712.0	2618.0	7609.0	3643.0	9887.0	15690.0	956.0	14734.0
151948.0	140986.0	1370.0	1738.0	1041.0	1488.0	3228.0	2097.0	93.0	2004.0
240475.0	213902.0	2035.0	2017.0	2990.0	688.0	10797.0	8046.0	830.0	7216.0
160531.0	146944.0	3356.0	445.0	5446.0	94.0	618.0	3628.0	55.0	3573.0
104489.0	84611.0	9344.0	874.0	5091.0	31.0	1905.0	2633.0	131.0	2502.0
226908.0	165090.0	18950.0	156.0	23472.0	374.0	11740.0	7126.0	1858.0	5268.0
73862.0	68437.0	3062.0	206.0	203.0	0.0	665.0	1289.0	94.0	1195.0
332499.0	228943.0	75338.0	1011.0	12023.0	91.0	4869.0	10224.0	455.0	9769.0
1137538.0	719311.0	109577.0	2706.0	213925.0	578.0	42128.0	49313.0	7529.0	41784.0
68248.0	59711.0	5016.0	270.0	866.0	0.0	85.0	2300.0	25.0	2275.0
82377.0	75281.0	4272.0	42.0	1356.0	26.0	356.0	1044.0	181.0	863.0
101918.0	88258.0	9777.0	97.0	1591.0	108.0	350.0	1737.0	0.0	1737.0
321924.0	186821.0	94970.0	550.0	25159.0	81.0	6748.0	7595.0	694.0	6901.0
72583.0	58546.0	9794.0	163.0	2177.0	34.0	338.0	1531.0	94.0	1437.0
363050.0	251416.0	25595.0	1011.0	60677.0	228.0	7490.0	16633.0	2901.0	13732.0
97244.0	84944.0	4030.0	940.0	5423.0	0.0	378.0	1529.0	0.0	1529.0
446094.0	280387.0	88772.0	1231.0	33797.0	772.0	13168.0	27967.0	2275.0	25692.0
78171.0	74011.0	1733.0	65.0	520.0	0.0	1036.0	806.0	0.0	806.0
129188.0	94942.0	21580.0	396.0	3745.0	35.0	5142.0	3348.0	359.0	2989.0
139992.0	95739.0	23654.0	151.0	4844.0	42.0	8857.0	6705.0	440.0	6265.0
66342.0	50983.0	8275.0	187.0	3828.0	103.0	253.0	2713.0	131.0	2582.0
150575.0	96093.0	31128.0	61.0	10573.0	138.0	5310.0	7272.0	1547.0	5725.0
233371.0	145126.0	69163.0	219.0	8037.0	859.0	4150.0	5817.0	540.0	5277.0
136879.0	58451.0	68295.0	954.0	3595.0	0.0	2283.0	3301.0	76.0	3225.0
79047.0	51500.0	22915.0	17.0	2290.0	52.0	611.0	1662.0	203.0	1459.0
182965.0	92495.0	73305.0	385.0	5250.0	362.0	3235.0	7933.0	366.0	7567.0
245428.0	114315.0	104703.0	1134.0	8984.0	0.0	7056.0	9236.0	1171.0	8065.0
96004.0	39566.0	49982.0	681.0	1214.0	288.0	1304.0	2969.0	438.0	2531.0
217853.0	97755.0	105349.0	812.0	5125.0	0.0	2112.0	6700.0	465.0	6235.0
99428.0	62351.0	28553.0	27.0	2462.0	0.0	3721.0	2314.0	436.0	1878.0
86806.0	44473.0	35933.0	22.0	1347.0	0.0	1036.0	3995.0	279.0	3716.0
450980.0	303113.0	87511.0	914.0	29617.0	123.0	8751.0	20951.0	1198.0	19753.0
186486.0	149723.0	3595.0	1197.0	4394.0	150.0	20102.0	7325.0	1530.0	5795.0
74588.0	69933.0	200.0	226.0	687.0	63.0	1561.0	1918.0	75.0	1843.0
72715.0	63927.0	474.0	3289.0	873.0	72.0	1303.0	2777.0	0.0	2777.0
451008.0	378548.0	7480.0	2552.0	18152.0	3591.0	17209.0	23476.0	1737.0	21739.0
102133.0	92533.0	633.0	1317.0	1419.0	390.0	1512.0	4329.0	54.0	4275.0
87809.0	65503.0	1633.0	663.0	2260.0	87.0	15767.0	1896.0	565.0	1331.0
93147.0	70502.0	514.0	1125.0	1055.0	108.0	16829.0	3014.0	576.0	2438.0
70818.0	62814.0	838.0	3189.0	1293.0	48.0	124.0	2512.0	0.0	2512.0
79275.0	66831.0	2541.0	977.0	3337.0	64.0	1050.0	4475.0	611.0	3864.0
2079967.0	1408023.0	125664.0	15319.0	334620.0	16358.0	52308.0	127675.0	12592.0	115083.0
254183.0	208830.0	5786.0	3209.0	12789.0	2084.0	4172.0	17313.0	1342.0	15971.0
75128.0	69615.0	728.0	477.0	594.0	0.0	1.0	3713.0	314.0	3399.0
831928.0	618607.0	55712.0	9735.0	49479.0	10849.0	22448.0	65098.0	5322.0	59776.0
120365.0	99746.0	689.0	1685.0	2800.0	1031.0	10855.0	3559.0	828.0	2731.0
759583.0	597552.0	20102.0	7672.0	73693.0	3908.0	15718.0	40938.0	2528.0	38410.0
484318.0	431417.0	8262.0	7318.0	10462.0	1995.0	3465.0	21399.0	1540.0	19859.0
265851.0	217392.0	7761.0	4653.0	16235.0	2849.0	2858.0	14103.0	1235.0	12868.0
208351.0	177416.0	1861.0	5820.0	8150.0	611.0	5008.0	9485.0	1552.0	7933.0
247687.0	197186.0	1695.0	11684.0	2118.0	379.0	26521.0	8104.0	1849.0	6255.0
97109.0	88575.0	4863.0	183.0	1323.0	90.0	196.0	1879.0	39.0	1840.0
190223.0	167846.0	14534.0	446.0	1906.0	0.0	496.0	4995.0	47.0	4948.0
103463.0	93143.0	3842.0	88.0	3152.0	0.0	867.0	2371.0	244.0	2127.0
86237.0	82382.0	1746.0	31.0	437.0	31.0	162.0	1448.0	124.0	1324.0
256670.0	218959.0	5610.0	6244.0	8458.0	0.0	11188.0	6211.0	408.0	5803.0
516284.0	431044.0	25597.0	1016.0	28918.0	16.0	13545.0	16148.0	2262.0	13886.0
88574.0	83066.0	1610.0	340.0	419.0	0.0	1034.0	2105.0	61.0	2044.0
101564.0	94407.0	1084.0	556.0	3244.0	257.0	12.0	2004.0	76.0	1928.0
101759.0	95368.0	1428.0	479.0	1301.0	4.0	2010.0	1169.0	45.0	1124.0
84395.0	78577.0	853.0	259.0	554.0	0.0	2366.0	1786.0	639.0	1147.0
168068.0	146880.0	13273.0	527.0	2261.0	0.0	1040.0	4087.0	1022.0	3065.0
118011.0	108008.0	1118.0	337.0	5158.0	164.0	577.0	2649.0	80.0	2569.0
135780.0	124136.0	1103.0	191.0	7736.0	25.0	374.0	2215.0	57.0	2158.0
956406.0	590393.0	253812.0	6687.0	37010.0	203.0	41914.0	26387.0	4389.0	21998.0
182006.0	164020.0	1708.0	2843.0	5874.0	0.0	3891.0	3670.0	48.0	3622.0
87470.0	82725.0	1213.0	353.0	2108.0	0.0	347.0	724.0	69.0	655.0
70482.0	66195.0	732.0	358.0	2255.0	28.0	581.0	333.0	17.0	316.0
195163.0	157023.0	21646.0	1028.0	1926.0	0.0	7834.0	5706.0	1036.0	4670.0
161188.0	145534.0	7157.0	134.0	1650.0	0.0	935.0	5778.0	109.0	5669.0
86759.0	83419.0	581.0	128.0	1072.0	0.0	87.0	1472.0	320.0	1152.0
115290.0	103372.0	1459.0	203.0	6168.0	92.0	1159.0	2837.0	608.0	2229.0
103527.0	97291.0	1135.0	195.0	1055.0	10.0	1689.0	2152.0	327.0	1825.0
133251.0	127341.0	1714.0	241.0	1765.0	0.0	509.0	1681.0	669.0	1012.0
395118.0	367027.0	5958.0	774.0	12605.0	79.0	3252.0	5423.0	137.0	5286.0
169511.0	156392.0	4017.0	821.0	3626.0	98.0	1791.0	2766.0	311.0	2455.0
73608.0	69909.0	301.0	490.0	1514.0	0.0	551.0	843.0	43.0	800.0
96389.0	81825.0	3174.0	641.0	976.0	24.0	6440.0	3309.0	675.0	2634.0
81624.0	75488.0	1563.0	710.0	820.0	16.0	1185.0	1842.0	440.0	1402.0
