208563.0	180484.0	18821.0	1383.0	914.0	0.0	1469.0	5492.0	556.0	4936.0
114611.0	84357.0	24160.0	803.0	1064.0	0.0	2129.0	2098.0	119.0	1979.0
82471.0	79032.0	1052.0	633.0	763.0	0.0	537.0	454.0	105.0	349.0
70900.0	62139.0	1087.0	862.0	74.0	87.0	5095.0	1556.0	72.0	1484.0
102564.0	83159.0	16417.0	484.0	858.0	0.0	107.0	1539.0	0.0	1539.0
104056.0	71838.0	27762.0	443.0	1054.0	0.0	1031.0	1928.0	102.0	1826.0
659521.0	340506.0	279979.0	1799.0	8366.0	323.0	14127.0	14421.0	1420.0	13001.0
92318.0	80596.0	9513.0	132.0	720.0	60.0	119.0	1178.0	0.0	1178.0
158991.0	111185.0	37968.0	0.0	6648.0	63.0	828.0	2299.0	260.0	2039.0
92753.0	76272.0	14066.0	599.0	364.0	0.0	214.0	1238.0	0.0	1238.0
356967.0	243688.0	87415.0	2547.0	8383.0	250.0	4835.0	9849.0	311.0	9538.0
95157.0	89605.0	2764.0	369.0	746.0	0.0	541.0	1132.0	161.0	971.0
414836.0	243284.0	148001.0	3328.0	8269.0	20.0	4702.0	7232.0	395.0	6837.0
226349.0	81740.0	130006.0	339.0	5753.0	36.0	3774.0	4701.0	142.0	4559.0
119012.0	93591.0	14431.0	763.0	1076.0	0.0	6454.0	2697.0	88.0	2609.0
210622.0	168484.0	24066.0	211.0	4535.0	197.0	8566.0	4563.0	232.0	4331.0
80103.0	51823.0	26589.0	70.0	548.0	23.0	626.0	424.0	0.0	424.0
206102.0	132006.0	66183.0	34.0	3413.0	0.0	2851.0	1615.0	105.0	1510.0
298192.0	184841.0	16102.0	23916.0	27142.0	7669.0	7935.0	30587.0	1142.0	29445.0
100605.0	75501.0	4385.0	7427.0	3875.0	503.0	2357.0	6557.0	207.0	6350.0
104365.0	86314.0	1019.0	5455.0	1083.0	141.0	325.0	10028.0	490.0	9538.0
73112.0	16162.0	112.0	53520.0	106.0	54.0	694.0	2464.0	279.0	2185.0
125770.0	109899.0	5077.0	1875.0	2783.0	434.0	1913.0	3789.0	565.0	3224.0
140908.0	91167.0	2166.0	37010.0	2670.0	163.0	2711.0	5021.0	484.0	4537.0
4242997.0	3227510.0	230642.0	82300.0	168720.0	9808.0	371556.0	152461.0	32753.0	119708.0
205249.0	187492.0	1614.0	4870.0	2029.0	231.0	3539.0	5474.0	387.0	5087.0
110026.0	50543.0	755.0	49003.0	897.0	0.0	4536.0	4292.0	297.0	3995.0
1016206.0	774608.0	34344.0	32670.0	28713.0	1550.0	94614.0	49707.0	9993.0	39714.0
418540.0	337571.0	18679.0	21796.0	8568.0	1357.0	17937.0	12632.0	1240.0	11392.0
225562.0	209960.0	1130.0	3491.0	2368.0	207.0	4025.0	4381.0	241.0	4140.0
205631.0	112651.0	3696.0	2926.0	2719.0	266.0	78192.0	5181.0	628.0	4553.0
258291.0	228649.0	3896.0	2656.0	9343.0	1350.0	3509.0	8888.0	940.0	7948.0
105835.0	84134.0	15243.0	0.0	1394.0	0.0	2450.0	2614.0	330.0	2284.0
122227.0	100295.0	12771.0	277.0	1404.0	739.0	2809.0	3932.0	479.0	3453.0
97477.0	84195.0	8471.0	989.0	1046.0	0.0	1347.0	1429.0	86.0	1343.0
70016.0	28485.0	40177.0	46.0	291.0	0.0	435.0	582.0	0.0	582.0
72228.0	63910.0	3884.0	292.0	1032.0	0.0	1309.0	1801.0	53.0	1748.0
393250.0	218346.0	142430.0	799.0	8604.0	33.0	9119.0	13919.0	4224.0	9695.0
118703.0	106655.0	8393.0	887.0	1212.0	0.0	0.0	1556.0	0.0	1556.0
127793.0	93101.0	8645.0	1893.0	5547.0	74.0	13978.0	4555.0	462.0	4093.0
228049.0	174457.0	8608.0	2189.0	5402.0	4953.0	25446.0	6994.0	948.0	6046.0
1647704.0	688067.0	174855.0	10122.0	483856.0	13865.0	171152.0	105787.0	21795.0	83992.0
226864.0	187892.0	3563.0	2567.0	10665.0	811.0	9577.0	11789.0	1724.0	10065.0
1135127.0	658852.0	97413.0	3159.0	183849.0	4891.0	104400.0	82563.0	11558.0	71005.0
185625.0	162495.0	1795.0	2379.0	8904.0	462.0	3745.0	5845.0	807.0	5038.0
979915.0	640619.0	47646.0	10176.0	101993.0	1183.0	143649.0	34649.0	7523.0	27126.0
136646.0	110795.0	1172.0	7228.0	4212.0	0.0	3154.0	10085.0	681.0	9404.0
180883.0	110971.0	4122.0	1808.0	2731.0	301.0	54515.0	6435.0	1827.0	4608.0
884788.0	642077.0	47668.0	11936.0	40615.0	3142.0	106937.0	32413.0	8614.0	23799.0
149785.0	99706.0	10028.0	2083.0	5238.0	472.0	25665.0	6593.0	1629.0	4964.0
64116.0	49293.0	914.0	2815.0	343.0	0.0	8582.0	2169.0	201.0	1968.0
10137915.0	5093898.0	826516.0	65370.0	1474575.0	26104.0	2258451.0	393001.0	106298.0	286703.0
154697.0	109705.0	4535.0	3262.0	2748.0	312.0	28121.0	6014.0	1343.0	4671.0
260651.0	200426.0	6114.0	274.0	13886.0	397.0	25607.0	13947.0	2192.0	11755.0
87628.0	71202.0	412.0	3169.0	1125.0	231.0	5887.0	5602.0	530.0	5072.0
268672.0	149377.0	8492.0	2522.0	21156.0	32.0	77857.0	9236.0	4854.0	4382.0
435232.0	242774.0	11055.0	1903.0	24852.0	1086.0	135093.0	18469.0	3084.0	15385.0
142166.0	110943.0	2718.0	1160.0	11301.0	269.0	10439.0	5336.0	1282.0	4054.0
99107.0	91701.0	197.0	490.0	1742.0	0.0	1414.0	3563.0	210.0	3353.0
3172532.0	1986194.0	53602.0	13443.0	637622.0	10791.0	352857.0	118023.0	20645.0	97378.0
380531.0	309901.0	5796.0	2292.0	26369.0	392.0	15303.0	20478.0	1794.0	18684.0
2387741.0	1406044.0	152433.0	20442.0	149105.0	7583.0	544724.0	107410.0	27678.0	79732.0
1514460.0	882763.0	148706.0	10265.0	230645.0	16214.0	117768.0	108099.0	15261.0	92838.0
2140096.0	1314742.0	182864.0	15077.0	152270.0	6381.0	364338.0	104424.0	29165.0	75259.0
3317749.0	2385470.0	165878.0	24980.0	389369.0	14356.0	169165.0	168531.0	27220.0	141311.0
870887.0	404410.0	43468.0	3054.0	300409.0	1967.0	70599.0	46980.0	7632.0	39348.0
733709.0	417952.0	52126.0	5428.0	111547.0	4697.0	74430.0	67529.0	9556.0	57973.0
282887.0	238692.0	5167.0	2262.0	10989.0	28.0	16126.0	9623.0	2051.0	7572.0
764797.0	388724.0	17413.0	3102.0	214801.0	10756.0	85183.0	44818.0	10977.0	33841.0
446170.0	341741.0	8202.0	4863.0	24802.0	94.0	46374.0	20094.0	3756.0	16338.0
1919402.0	844820.0	47142.0	8787.0	683532.0	8602.0	227352.0	99167.0	21611.0	77556.0
274673.0	203973.0	2908.0	1797.0	13692.0	43.0	40674.0	11586.0	2402.0	9184.0
179631.0	158293.0	1791.0	2942.0	6016.0	77.0	1522.0	8990.0	372.0	8618.0
440207.0	219084.0	64438.0	1568.0	66560.0	3713.0	46315.0	38529.0	6189.0	32340.0
503070.0	371195.0	8632.0	4397.0	21487.0	1542.0	71200.0	24617.0	3407.0	21210.0
541560.0	395715.0	17096.0	3427.0	30615.0	3166.0	68689.0	22852.0	5612.0	17240.0
96651.0	69300.0	1672.0	653.0	14849.0	501.0	3331.0	6345.0	408.0	5937.0
460437.0	340284.0	6167.0	6233.0	20506.0	908.0	72610.0	13729.0	4245.0	9484.0
849738.0	681115.0	14929.0	5746.0	60772.0	1787.0	45523.0	39866.0	6241.0	33625.0
215802.0	151935.0	5476.0	1835.0	30155.0	836.0	11635.0	13930.0	1523.0	12407.0
75275.0	56042.0	2331.0	1046.0	3656.0	1376.0	3971.0	6853.0	190.0	6663.0
498187.0	402970.0	15865.0	7677.0	19783.0	425.0	32370.0	19097.0	4046.0	15051.0
637068.0	452406.0	69336.0	3623.0	38563.0	1618.0	47841.0	23681.0	4303.0	19378.0
322226.0	288623.0	3453.0	927.0	15560.0	209.0	5652.0	7802.0	993.0	6809.0
66529.0	57480.0	727.0	316.0	3943.0	0.0	1812.0	2251.0	229.0	2022.0
693060.0	522284.0	68262.0	5462.0	25721.0	410.0	47322.0	23599.0	4456.0	19143.0
328632.0	294600.0	4667.0	1294.0	15524.0	205.0	3739.0	8603.0	1200.0	7403.0
688284.0	552441.0	43539.0	3588.0	18301.0	3009.0	25506.0	41900.0	7344.0	34556.0
571837.0	519734.0	7314.0	3596.0	17174.0	273.0	9742.0	14004.0	2859.0	11145.0
339993.0	307362.0	3351.0	2714.0	7489.0	516.0	6735.0	11826.0	2062.0	9764.0
150083.0	140112.0	465.0	1384.0	1263.0	467.0	2111.0	4281.0	700.0	3581.0
165123.0	133330.0	4192.0	8264.0	1310.0	127.0	13092.0	4808.0	1054.0	3754.0
294932.0	271892.0	3435.0	970.0	4523.0	0.0	6937.0	7175.0	1606.0	5569.0
944177.0	696692.0	110693.0	2811.0	50381.0	695.0	52428.0	30477.0	8849.0	21628.0
892389.0	636425.0	120762.0	2763.0	45365.0	82.0	57288.0	29704.0	7155.0	22549.0
182571.0	170796.0	3345.0	196.0	4476.0	0.0	1734.0	2024.0	91.0	1933.0
163329.0	145795.0	8763.0	5.0	4893.0	0.0	791.0	3082.0	433.0	2649.0
856875.0	635115.0	110901.0	1827.0	35579.0	423.0	45612.0	27418.0	4234.0	23184.0
269801.0	218961.0	15524.0	1730.0	12084.0	59.0	9528.0	11915.0	1413.0	10502.0
151118.0	134939.0	5338.0	0.0	7366.0	0.0	1364.0	2111.0	248.0	1863.0
116192.0	103169.0	3606.0	555.0	1806.0	0.0	2263.0	4793.0	614.0	4179.0
174827.0	115964.0	43984.0	961.0	3125.0	9.0	2543.0	8241.0	530.0	7711.0
556987.0	361605.0	138491.0	1877.0	29993.0	981.0	10592.0	13448.0	907.0	12541.0
220251.0	181522.0	27436.0	1217.0	2528.0	1063.0	2460.0	4025.0	678.0	3347.0
681170.0	277268.0	320554.0	2004.0	26436.0	41.0	37132.0	17735.0	2127.0	15608.0
263496.0	182119.0	52833.0	1166.0	16798.0	524.0	2594.0	7462.0	1142.0	6320.0
183974.0	151108.0	20489.0	317.0	5077.0	34.0	1066.0	5883.0	317.0	5566.0
579130.0	478586.0	57238.0	1254.0	14164.0	170.0	10763.0	16955.0	1275.0	15680.0
1909632.0	1163610.0	545324.0	5993.0	69401.0	1726.0	63148.0	60430.0	11417.0	49013.0
178465.0	160324.0	11548.0	124.0	1660.0	514.0	1328.0	2967.0	459.0	2508.0
143621.0	133360.0	5412.0	261.0	2496.0	0.0	1051.0	1041.0	213.0	828.0
208311.0	166888.0	21159.0	51.0	5746.0	397.0	4650.0	9420.0	400.0	9020.0
365136.0	321423.0	26142.0	987.0	4794.0	0.0	7911.0	3879.0	964.0	2915.0
69299.0	52890.0	13565.0	101.0	539.0	64.0	1315.0	825.0	0.0	825.0
926255.0	560080.0	271278.0	2013.0	39936.0	453.0	16293.0	36202.0	2866.0	33336.0
315187.0	216766.0	70316.0	1608.0	9687.0	96.0	3712.0	13002.0	752.0	12250.0
108310.0	90171.0	11765.0	0.0	2830.0	0.0	2203.0	1341.0	185.0	1156.0
182835.0	162269.0	9823.0	210.0	2262.0	0.0	2822.0	5449.0	665.0	4784.0
100917.0	78733.0	10396.0	74.0	1361.0	0.0	8941.0	1412.0	0.0	1412.0
1376238.0	971753.0	228361.0	4763.0	54822.0	1279.0	68366.0	46894.0	5705.0	41189.0
151563.0	129043.0	11560.0	459.0	1978.0	0.0	3617.0	4906.0	0.0	4906.0
335396.0	283513.0	35729.0	1217.0	6718.0	27.0	1418.0	6774.0	480.0	6294.0
722336.0	615028.0	60475.0	1457.0	11131.0	129.0	20665.0	13451.0	2934.0	10517.0
287822.0	177676.0	88212.0	521.0	10203.0	256.0	2971.0	7983.0	365.0	7618.0
375888.0	320089.0	33480.0	1015.0	7143.0	206.0	7070.0	6885.0	1959.0	4926.0
349020.0	286955.0	44143.0	194.0	4308.0	122.0	1951.0	11347.0	2437.0	8910.0
158701.0	139122.0	9164.0	965.0	1252.0	179.0	5813.0	2206.0	343.0	1863.0
2712945.0	2019915.0	476506.0	4683.0	43745.0	1265.0	124482.0	42349.0	13703.0	28646.0
79077.0	70409.0	6581.0	117.0	1156.0	0.0	518.0	296.0	23.0	273.0
201170.0	155446.0	20398.0	590.0	5770.0	327.0	8785.0	9854.0	245.0	9609.0
1314367.0	851713.0	276302.0	1697.0	70844.0	50.0	67741.0	46020.0	13450.0	32570.0
336015.0	248442.0	40387.0	739.0	9588.0	142.0	23289.0	13428.0	4240.0	9188.0
1443810.0	1079513.0	266755.0	1811.0	38391.0	536.0	26821.0	29983.0	5262.0	24721.0
512368.0	452055.0	28037.0	1337.0	12829.0	190.0	6111.0	11809.0	1657.0	10152.0
960730.0	784811.0	97341.0	3117.0	33027.0	820.0	15140.0	26474.0	2765.0	23709.0
666149.0	525140.0	100793.0	1818.0	12565.0	306.0	9710.0	15817.0	2906.0	12911.0
235087.0	208208.0	12331.0	854.0	6363.0	695.0	1850.0	4786.0	594.0	4192.0
306507.0	227646.0	59949.0	1345.0	6005.0	0.0	5409.0	6153.0	1479.0	4674.0
170497.0	146607.0	10669.0	1460.0	3459.0	506.0	772.0	7024.0	68.0	6956.0
412569.0	375600.0	17710.0	1005.0	6544.0	22.0	4215.0	7473.0	509.0	6964.0
455479.0	354325.0	51494.0	449.0	19098.0	343.0	13835.0	15935.0	2083.0	13852.0
123996.0	110567.0	8261.0	26.0	558.0	238.0	1268.0	3078.0	632.0	2446.0
529364.0	441448.0	55747.0	2528.0	9730.0	64.0	7275.0	12572.0	1129.0	11443.0
65889.0	57530.0	3771.0	216.0	631.0	0.0	1955.0	1786.0	120.0	1666.0
77126.0	60355.0	8123.0	337.0	2902.0	0.0	3247.0	2162.0	595.0	1567.0
103807.0	87069.0	10634.0	438.0	890.0	0.0	2691.0	2085.0	1038.0	1047.0
152760.0	61273.0	82574.0	98.0	3089.0	0.0	1592.0	4134.0	247.0	3887.0
74722.0	48483.0	21840.0	0.0	852.0	0.0	1553.0	1994.0	226.0	1768.0
116261.0	87176.0	21088.0	121.0	1122.0	384.0	3996.0	2374.0	222.0	2152.0
289082.0	151815.0	114139.0	650.0	6369.0	558.0	4208.0	11343.0	1183.0	10160.0
241689.0	207452.0	16701.0	1120.0	5002.0	0.0	6793.0	4621.0	390.0	4231.0
124707.0	78919.0	34893.0	181.0	5209.0	33.0	3137.0	2335.0	168.0	2167.0
279462.0	43114.0	190956.0	926.0	14614.0	0.0	21285.0	8567.0	910.0	7657.0
748150.0	439448.0	202244.0	3133.0	39953.0	676.0	36792.0	25904.0	4019.0	21885.0
147450.0	108438.0	24938.0	932.0	6402.0	0.0	1413.0	5327.0	152.0	5175.0
140526.0	106080.0	25153.0	88.0	1696.0	97.0	3424.0	3988.0	93.0	3895.0
740321.0	259015.0	403352.0	5253.0	45634.0	101.0	9586.0	17380.0	4487.0	12893.0
90017.0	24254.0	62375.0	258.0	799.0	50.0	666.0	1615.0	26.0	1589.0
142224.0	67268.0	67469.0	73.0	2242.0	0.0	2812.0	2360.0	445.0	1915.0
111627.0	76827.0	23905.0	217.0	4945.0	0.0	2120.0	3613.0	697.0	2916.0
96560.0	74482.0	13603.0	14.0	1623.0	0.0	4690.0	2148.0	146.0	2002.0
221009.0	179397.0	7490.0	387.0	25847.0	0.0	3346.0	4542.0	533.0	4009.0
1023336.0	455532.0	447187.0	9001.0	68259.0	879.0	11948.0	30530.0	3670.0	26860.0
84502.0	58096.0	21354.0	317.0	1114.0	211.0	1095.0	2315.0	316.0	1999.0
907135.0	438099.0	248723.0	1346.0	103900.0	82.0	88207.0	26778.0	6261.0	20517.0
196637.0	168678.0	14687.0	412.0	3451.0	99.0	4766.0	4544.0	877.0	3667.0
221768.0	110602.0	94657.0	0.0	7935.0	0.0	2709.0	5865.0	960.0	4905.0
152122.0	93711.0	45011.0	622.0	4623.0	0.0	1763.0	6392.0	1502.0	4890.0
62570.0	29415.0	25722.0	295.0	940.0	12.0	1916.0	4270.0	912.0	3358.0
114628.0	67078.0	44310.0	256.0	418.0	113.0	878.0	1575.0	298.0	1277.0
197485.0	86603.0	90127.0	1159.0	4160.0	0.0	4517.0	10919.0	3340.0	7579.0
155825.0	115718.0	34362.0	301.0	533.0	401.0	1798.0	2712.0	339.0	2373.0
201647.0	76547.0	114495.0	584.0	4084.0	848.0	2376.0	2713.0	195.0	2518.0
89355.0	36218.0	48429.0	0.0	1798.0	0.0	1944.0	966.0	115.0	851.0
70005.0	41740.0	25277.0	45.0	1423.0	0.0	156.0	1364.0	502.0	862.0
90184.0	69810.0	16332.0	0.0	1369.0	112.0	1962.0	599.0	7.0	592.0
104589.0	90028.0	4714.0	1954.0	1281.0	0.0	5304.0	1308.0	172.0	1136.0
198449.0	64714.0	1586.0	293.0	47415.0	26900.0	2422.0	55119.0	791.0	54328.0
992605.0	209223.0	23269.0	1636.0	421281.0	93165.0	8029.0	236002.0	7054.0	228948.0
72029.0	23326.0	621.0	563.0	24200.0	5678.0	183.0	17458.0	223.0	17235.0
165379.0	60712.0	422.0	157.0	50531.0	18797.0	1687.0	33073.0	1103.0	31970.0
444028.0	402851.0	6535.0	2026.0	11778.0	377.0	6847.0	13614.0	1793.0	11821.0
84377.0	74610.0	280.0	3335.0	1480.0	0.0	2279.0	2393.0	258.0	2135.0
112232.0	99184.0	0.0	843.0	1521.0	0.0	7841.0	2843.0	452.0	2391.0
211698.0	171868.0	48.0	2689.0	2978.0	835.0	27575.0	5705.0	1372.0	4333.0
154311.0	143862.0	1029.0	2970.0	1352.0	167.0	1836.0	3095.0	213.0	2882.0
83514.0	77172.0	677.0	1065.0	1389.0	76.0	2184.0	951.0	167.0	784.0
208419.0	151060.0	27686.0	331.0	21908.0	62.0	1244.0	6128.0	318.0	5810.0
5203499.0	2919459.0	1223763.0	14508.0	371491.0	1939.0	537416.0	134923.0	37394.0	97529.0
104528.0	86721.0	7396.0	117.0	2439.0	0.0	4515.0	3340.0	303.0	3037.0
929368.0	714083.0	45918.0	1060.0	107270.0	481.0	35093.0	25463.0	5955.0	19508.0
531715.0	374272.0	29929.0	2405.0	21320.0	33.0	91408.0	12348.0	4764.0	7584.0
110008.0	86918.0	17306.0	394.0	1023.0	0.0	2799.0	1568.0	614.0	954.0
124695.0	100133.0	8271.0	350.0	3882.0	0.0	7740.0	4319.0	2376.0	1943.0
703047.0	530524.0	46836.0	1206.0	52572.0	310.0	52919.0	18680.0	3727.0	14953.0
110642.0	104660.0	3061.0	102.0	647.0	101.0	494.0	1577.0	73.0	1504.0
307004.0	284322.0	3937.0	253.0	8478.0	0.0	3878.0	6136.0	69.0	6067.0
172418.0	142803.0	14364.0	380.0	8635.0	0.0	1723.0	4513.0	1097.0	3416.0
106550.0	83242.0	13359.0	262.0	1089.0	13.0	529.0	8056.0	149.0	7907.0
265759.0	233639.0	23424.0	299.0	3169.0	0.0	1132.0	4096.0	87.0	4009.0
185006.0	135178.0	33901.0	618.0	7607.0	0.0	2033.0	5669.0	595.0	5074.0
144784.0	116660.0	13890.0	778.0	3486.0	283.0	2819.0	6868.0	2429.0	4439.0
262759.0	168589.0	77768.0	712.0	4473.0	78.0	4008.0	7131.0	437.0	6694.0
197499.0	162397.0	25993.0	143.0	3568.0	124.0	719.0	4555.0	237.0	4318.0
134385.0	128580.0	1854.0	311.0	1408.0	103.0	301.0	1828.0	385.0	1443.0
78111.0	63731.0	10778.0	13.0	860.0	16.0	1285.0	1428.0	31.0	1397.0
689529.0	505732.0	76425.0	2016.0	38308.0	515.0	47269.0	19264.0	2789.0	16475.0
285873.0	226518.0	35905.0	217.0	7285.0	140.0	5520.0	10288.0	693.0	9595.0
370404.0	296773.0	42515.0	461.0	14669.0	102.0	4098.0	11786.0	776.0	11010.0
81402.0	68773.0	1234.0	38.0	5864.0	0.0	3791.0	1702.0	429.0	1273.0
116031.0	102109.0	6608.0	79.0	457.0	0.0	1181.0	5597.0	0.0	5597.0
115603.0	101294.0	8952.0	226.0	1473.0	340.0	979.0	2339.0	234.0	2105.0
203781.0	180922.0	11251.0	1040.0	2149.0	360.0	3346.0	4713.0	433.0	4280.0
76990.0	69860.0	3954.0	183.0	800.0	0.0	252.0	1941.0	161.0	1780.0
66937.0	58979.0	4960.0	240.0	261.0	0.0	645.0	1852.0	166.0	1686.0
316373.0	276282.0	11797.0	322.0	17484.0	0.0	2438.0	8050.0	479.0	7571.0
160610.0	139891.0	13279.0	429.0	4479.0	0.0	809.0	1723.0	246.0	1477.0
82568.0	72022.0	7651.0	308.0	271.0	77.0	1098.0	1141.0	60.0	1081.0
151982.0	138849.0	3880.0	416.0	5233.0	41.0	2338.0	1225.0	767.0	458.0
79092.0	75552.0	958.0	465.0	407.0	0.0	670.0	1040.0	0.0	1040.0
485846.0	299056.0	117223.0	1531.0	6144.0	95.0	48308.0	13489.0	5023.0	8466.0
110015.0	91255.0	11928.0	610.0	889.0	63.0	2249.0	3021.0	781.0	2240.0
129296.0	113364.0	9062.0	431.0	554.0	0.0	1179.0	4706.0	459.0	4247.0
941229.0	577828.0	260219.0	2924.0	27885.0	295.0	39113.0	32965.0	3740.0	29225.0
145496.0	125427.0	4068.0	310.0	9461.0	0.0	848.0	5382.0	178.0	5204.0
167791.0	153318.0	5280.0	224.0	2055.0	129.0	1705.0	5080.0	840.0	4240.0
269141.0	209203.0	35405.0	1880.0	6408.0	190.0	9023.0	7032.0	389.0	6643.0
188059.0	152857.0	9666.0	268.0	15385.0	200.0	6020.0	3663.0	482.0	3181.0
181721.0	155227.0	15804.0	310.0	1990.0	1210.0	1808.0	5372.0	248.0	5124.0
107931.0	94021.0	6808.0	427.0	2044.0	47.0	686.0	3898.0	327.0	3571.0
66568.0	59648.0	3125.0	24.0	718.0	0.0	1135.0	1918.0	0.0	1918.0
132904.0	113334.0	12012.0	802.0	3374.0	719.0	854.0	1809.0	49.0	1760.0
84516.0	76654.0	1003.0	102.0	3579.0	0.0	637.0	2541.0	87.0	2454.0
97003.0	90491.0	3496.0	74.0	1198.0	302.0	304.0	1138.0	68.0	1070.0
146547.0	119612.0	10314.0	0.0	10102.0	0.0	3928.0	2591.0	287.0	2304.0
221661.0	198263.0	12247.0	239.0	5323.0	132.0	529.0	4928.0	157.0	4771.0
474045.0	396575.0	31968.0	1315.0	22224.0	150.0	8740.0	13073.0	864.0	12209.0
93582.0	88124.0	1824.0	630.0	821.0	0.0	1344.0	839.0	0.0	839.0
172474.0	147577.0	14802.0	554.0	4441.0	0.0	2285.0	2815.0	532.0	2283.0
97090.0	84190.0	1423.0	178.0	8417.0	0.0	340.0	2542.0	46.0	2496.0
102779.0	87253.0	3720.0	723.0	3154.0	749.0	3083.0	4097.0	466.0	3631.0
67025.0	62612.0	1679.0	704.0	269.0	80.0	69.0	1612.0	124.0	1488.0
119440.0	97894.0	4866.0	1800.0	6249.0	26.0	2960.0	5645.0	321.0	5324.0
584451.0	505785.0	25393.0	1260.0	27644.0	332.0	5627.0	18410.0	995.0	17415.0
80204.0	64838.0	7435.0	463.0	1697.0	295.0	3120.0	2356.0	717.0	1639.0
73343.0	60227.0	4370.0	182.0	3820.0	264.0	998.0	3482.0	434.0	3048.0
511995.0	400297.0	42474.0	4630.0	21236.0	0.0	18824.0	24534.0	2027.0	22507.0
178146.0	143411.0	14949.0	1773.0	2374.0	127.0	9288.0	6224.0	590.0	5634.0
163831.0	96425.0	37308.0	1335.0	6063.0	0.0	15480.0	7220.0	1063.0	6157.0
128536.0	117023.0	2966.0	426.0	3410.0	0.0	1366.0	3345.0	0.0	3345.0
92211.0	86613.0	3601.0	94.0	587.0	0.0	245.0	1071.0	0.0	1071.0
72351.0	51567.0	16784.0	251.0	420.0	433.0	1227.0	1669.0	0.0	1669.0
99674.0	91073.0	5107.0	8.0	1614.0	0.0	202.0	1670.0	0.0	1670.0
318449.0	238917.0	46097.0	1080.0	11699.0	201.0	10307.0	10148.0	1433.0	8715.0
107316.0	84280.0	13475.0	175.0	1851.0	275.0	2024.0	5236.0	54.0	5182.0
765352.0	551075.0	165658.0	1477.0	21038.0	409.0	5410.0	20285.0	1653.0	18632.0
164945.0	149375.0	7334.0	241.0	1922.0	0.0	1667.0	4406.0	224.0	4182.0
89547.0	81935.0	4485.0	153.0	1039.0	0.0	455.0	1480.0	136.0	1344.0
65560.0	60007.0	1848.0	361.0	834.0	0.0	523.0	1987.0	49.0	1938.0
125532.0	103029.0	11775.0	642.0	4718.0	0.0	2655.0	2713.0	694.0	2019.0
126057.0	91878.0	28446.0	275.0	1906.0	220.0	773.0	2559.0	279.0	2280.0
248851.0	114096.0	123912.0	552.0	3212.0	0.0	3470.0	3609.0	257.0	3352.0
200601.0	140157.0	50582.0	747.0	2284.0	0.0	2541.0	4290.0	315.0	3975.0
447037.0	210180.0	205707.0	419.0	14660.0	0.0	8592.0	7479.0	270.0	7209.0
73273.0	43772.0	23324.0	269.0	1862.0	0.0	2073.0	1973.0	173.0	1800.0
436523.0	271283.0	117081.0	1899.0	18643.0	0.0	18732.0	8885.0	2337.0	6548.0
241398.0	168941.0	61221.0	401.0	4038.0	0.0	1594.0	5203.0	122.0	5081.0
98305.0	77516.0	13471.0	2473.0	504.0	73.0	2617.0	1651.0	70.0	1581.0
391495.0	133434.0	233836.0	434.0	11721.0	97.0	4750.0	7223.0	364.0	6859.0
156983.0	94141.0	58969.0	203.0	1613.0	0.0	439.0	1618.0	255.0	1363.0
132424.0	84072.0	42337.0	701.0	2230.0	0.0	419.0	2665.0	143.0	2522.0
253602.0	210347.0	27933.0	1660.0	3793.0	274.0	3516.0	6079.0	374.0	5705.0
130710.0	87647.0	37463.0	481.0	730.0	0.0	577.0	3812.0	153.0	3659.0
113220.0	79883.0	22901.0	6376.0	571.0	0.0	1450.0	2039.0	50.0	1989.0
107319.0	98905.0	3453.0	204.0	1165.0	0.0	44.0	3548.0	0.0	3548.0
67959.0	64534.0	904.0	850.0	292.0	13.0	84.0	1282.0	0.0	1282.0
292041.0	268659.0	8502.0	996.0	6084.0	0.0	661.0	7139.0	300.0	6839.0
120569.0	115205.0	1336.0	607.0	1313.0	183.0	218.0	1707.0	154.0	1553.0
151806.0	143639.0	811.0	1940.0	1404.0	0.0	338.0	3674.0	53.0	3621.0
202343.0	193838.0	2494.0	68.0	4274.0	0.0	146.0	1523.0	0.0	1523.0
72130.0	63802.0	6374.0	150.0	619.0	27.0	64.0	1094.0	120.0	974.0
568346.0	416095.0	91607.0	1034.0	20626.0	53.0	13384.0	25547.0	2123.0	23424.0
831026.0	512637.0	238123.0	2431.0	49490.0	579.0	6408.0	21358.0	2102.0	19256.0
91251.0	73623.0	11839.0	0.0	1709.0	0.0	1064.0	3016.0	283.0	2733.0
167656.0	153931.0	5631.0	407.0	3078.0	104.0	555.0	3950.0	1345.0	2605.0
102603.0	89580.0	7411.0	0.0	1512.0	34.0	1789.0	2277.0	51.0	2226.0
157705.0	71927.0	71324.0	246.0	4466.0	0.0	1100.0	8642.0	190.0	8452.0
247591.0	200808.0	25712.0	1172.0	11679.0	58.0	2201.0	5961.0	728.0	5233.0
251032.0	198064.0	33432.0	476.0	5848.0	78.0	2935.0	10199.0	1390.0	8809.0
317233.0	186168.0	58167.0	405.0	57006.0	56.0	2907.0	12524.0	698.0	11826.0
1043863.0	574964.0	191046.0	2053.0	154518.0	239.0	77581.0	43462.0	6244.0	37218.0
908049.0	159377.0	571454.0	3802.0	38290.0	287.0	106267.0	28572.0	4433.0	24139.0
150292.0	126158.0	16125.0	228.0	2009.0	253.0	313.0	5206.0	241.0	4965.0
102577.0	69068.0	26015.0	30.0	3530.0	108.0	933.0	2893.0	146.0	2747.0
614664.0	189260.0	384465.0	1800.0	15149.0	604.0	9016.0	14370.0	976.0	13394.0
214276.0	196365.0	5175.0	914.0	2951.0	1034.0	2794.0	5043.0	1318.0	3725.0
126903.0	116668.0	3428.0	260.0	2049.0	67.0	1200.0	3231.0	419.0	2812.0
558324.0	469087.0	23337.0	105.0	13414.0	305.0	38545.0	13531.0	3723.0	9808.0
779018.0	635443.0	30824.0	1362.0	26984.0	366.0	63750.0	20289.0	2610.0	17679.0
70382.0	65664.0	692.0	262.0	710.0	293.0	583.0	2178.0	220.0	1958.0
468467.0	388013.0	40874.0	1009.0	10440.0	0.0	14956.0	13175.0	2762.0	10413.0
161816.0	143231.0	3958.0	72.0	7242.0	265.0	1101.0	5947.0	1150.0	4797.0
1589774.0	1220690.0	86605.0	2454.0	187448.0	517.0	52376.0	39684.0	5242.0	34442.0
697181.0	546568.0	45901.0	843.0	74523.0	215.0	12800.0	16331.0	1211.0	15120.0
513565.0	430007.0	45757.0	688.0	6215.0	152.0	20248.0	10498.0	2186.0	8312.0
784230.0	432065.0	179093.0	2715.0	68847.0	252.0	42262.0	58996.0	4458.0	54538.0
819589.0	683124.0	39855.0	1532.0	39751.0	292.0	33956.0	21079.0	4594.0	16485.0
115548.0	108703.0	1445.0	307.0	417.0	0.0	1013.0	3663.0	872.0	2791.0
104747.0	99068.0	2410.0	241.0	309.0	0.0	630.0	2089.0	144.0	1945.0
154010.0	120388.0	22043.0	413.0	2977.0	16.0	2443.0	5730.0	945.0	4785.0
134386.0	110181.0	14071.0	539.0	2622.0	0.0	848.0	6125.0	84.0	6041.0
77888.0	73219.0	1298.0	204.0	1540.0	0.0	119.0	1508.0	68.0	1440.0
109160.0	95114.0	6008.0	572.0	2049.0	178.0	1071.0	4168.0	351.0	3817.0
408615.0	304971.0	81377.0	1737.0	4111.0	305.0	2400.0	13714.0	680.0	13034.0
92084.0	87400.0	903.0	888.0	488.0	98.0	333.0	1974.0	81.0	1893.0
288051.0	213921.0	33628.0	993.0	19021.0	187.0	5347.0	14954.0	1537.0	13417.0
71282.0	62681.0	1517.0	1337.0	1392.0	0.0	424.0	3931.0	82.0	3849.0
158460.0	138283.0	13482.0	676.0	1260.0	116.0	810.0	3833.0	321.0	3512.0
261654.0	212319.0	28131.0	373.0	6828.0	0.0	2359.0	11644.0	604.0	11040.0
642173.0	514715.0	59715.0	1930.0	18849.0	67.0	21076.0	25821.0	2728.0	23093.0
88340.0	84352.0	1009.0	203.0	509.0	56.0	522.0	1689.0	386.0	1303.0
98504.0	91291.0	2998.0	702.0	256.0	0.0	663.0	2594.0	678.0	1916.0
188624.0	182458.0	1273.0	291.0	1730.0	79.0	267.0	2526.0	78.0	2448.0
867730.0	706518.0	100689.0	1762.0	32772.0	50.0	4781.0	21158.0	779.0	20379.0
66435.0	61683.0	808.0	207.0	649.0	15.0	283.0	2790.0	144.0	2646.0
83462.0	77534.0	1235.0	228.0	1738.0	0.0	403.0	2324.0	572.0	1752.0
149208.0	140808.0	4242.0	804.0	952.0	0.0	514.0	1888.0	94.0	1794.0
173408.0	139261.0	24450.0	1249.0	1128.0	0.0	1092.0	6228.0	560.0	5668.0
1243970.0	934642.0	167411.0	3016.0	87646.0	232.0	11061.0	39962.0	1918.0	38044.0
282250.0	255093.0	3439.0	628.0	6244.0	165.0	7174.0	9507.0	1277.0	8230.0
192326.0	144965.0	35768.0	493.0	2503.0	61.0	2800.0	5736.0	880.0	4856.0
159587.0	148831.0	3835.0	358.0	1223.0	0.0	1247.0	4093.0	385.0	3708.0
68554.0	66372.0	396.0	112.0	205.0	0.0	169.0	1300.0	53.0	1247.0
75223.0	64948.0	2312.0	1240.0	425.0	146.0	2211.0	3941.0	1357.0	2584.0
364709.0	269158.0	43375.0	1789.0	31232.0	179.0	2218.0	16758.0	656.0	16102.0
1749366.0	924131.0	680630.0	5458.0	54230.0	420.0	36368.0	48129.0	5666.0	42463.0
345957.0	291760.0	19779.0	2480.0	15529.0	195.0	5151.0	11063.0	908.0	10155.0
66441.0	60737.0	2291.0	319.0	1325.0	0.0	133.0	1636.0	92.0	1544.0
100262.0	91908.0	2258.0	300.0	3231.0	0.0	1115.0	1450.0	326.0	1124.0
417486.0	345463.0	24024.0	1195.0	20140.0	102.0	12277.0	14285.0	1676.0	12609.0
1232483.0	893871.0	158741.0	9923.0	85906.0	483.0	40359.0	43200.0	3356.0	39844.0
153102.0	129033.0	9005.0	900.0	8964.0	0.0	2226.0	2974.0	282.0	2692.0
540649.0	358606.0	59737.0	3089.0	76470.0	209.0	15811.0	26727.0	1963.0	24764.0
65622.0	56157.0	3451.0	86.0	1404.0	0.0	2872.0	1652.0	236.0	1416.0
199980.0	184278.0	3353.0	4859.0	2228.0	45.0	938.0	4279.0	148.0	4131.0
143680.0	119736.0	4743.0	681.0	8060.0	0.0	5193.0	5267.0	180.0	5087.0
93528.0	86674.0	2417.0	272.0	791.0	0.0	1213.0	2161.0	18.0	2143.0
155652.0	138022.0	8669.0	222.0	3701.0	0.0	2483.0	2555.0	500.0	2055.0
253117.0	216807.0	11366.0	1002.0	12637.0	66.0	3014.0	8225.0	1892.0	6333.0
132550.0	125122.0	1928.0	581.0	1973.0	0.0	1060.0	1886.0	400.0	1486.0
175611.0	119958.0	46205.0	416.0	2663.0	0.0	3501.0	2868.0	383.0	2485.0
203234.0	139366.0	49451.0	1225.0	5702.0	0.0	1604.0	5886.0	678.0	5208.0
241229.0	61461.0	174862.0	205.0	1885.0	284.0	1403.0	1129.0	0.0	1129.0
141241.0	98840.0	31706.0	506.0	3863.0	0.0	4189.0	2137.0	248.0	1889.0
85381.0	57782.0	24789.0	65.0	811.0	33.0	377.0	1524.0	134.0	1390.0
105114.0	59310.0	39502.0	444.0	2725.0	0.0	2126.0	1007.0	0.0	1007.0
150228.0	114301.0	31766.0	127.0	1518.0	0.0	1551.0	965.0	0.0	965.0
176594.0	142618.0	16256.0	811.0	9021.0	23.0	2821.0	5044.0	191.0	4853.0
88938.0	77933.0	4572.0	372.0	1054.0	0.0	1607.0	3400.0	288.0	3112.0
78913.0	69069.0	5525.0	385.0	1365.0	28.0	342.0	2199.0	0.0	2199.0
102845.0	93928.0	3018.0	129.0	802.0	0.0	917.0	4051.0	359.0	3692.0
239085.0	204294.0	15923.0	534.0	6193.0	1184.0	4577.0	6380.0	754.0	5626.0
76631.0	64560.0	8477.0	290.0	1107.0	39.0	254.0	1904.0	58.0	1846.0
102838.0	98926.0	861.0	71.0	625.0	332.0	583.0	1440.0	110.0	1330.0
288690.0	258094.0	10029.0	2188.0	5704.0	110.0	4975.0	7590.0	783.0	6807.0
691801.0	463423.0	161932.0	3089.0	12585.0	2433.0	25949.0	22390.0	1513.0	20877.0
119111.0	107566.0	2615.0	2263.0	1634.0	139.0	2123.0	2771.0	330.0	2441.0
224226.0	215622.0	2229.0	580.0	1882.0	0.0	365.0	3548.0	653.0	2895.0
98309.0	84433.0	6635.0	314.0	2838.0	73.0	998.0	3018.0	392.0	2626.0
390918.0	352403.0	17540.0	500.0	9844.0	0.0	1809.0	8822.0	112.0	8710.0
998581.0	684030.0	238612.0	1834.0	39819.0	271.0	8883.0	25132.0	926.0	24206.0
311404.0	144752.0	145886.0	762.0	10264.0	88.0	3317.0	6335.0	161.0	6174.0
81755.0	72572.0	992.0	3673.0	738.0	142.0	325.0	3313.0	0.0	3313.0
98082.0	92689.0	282.0	848.0	340.0	163.0	679.0	3081.0	133.0	2948.0
104502.0	99275.0	374.0	1169.0	1460.0	0.0	0.0	2224.0	29.0	2195.0
67282.0	62897.0	281.0	1101.0	572.0	0.0	422.0	2009.0	0.0	2009.0
116130.0	106680.0	715.0	3019.0	1855.0	0.0	237.0	3624.0	547.0	3077.0
158437.0	144305.0	829.0	6176.0	959.0	0.0	786.0	5382.0	390.0	4992.0
554995.0	444192.0	61497.0	1527.0	19640.0	390.0	11142.0	16607.0	1082.0	15525.0
309637.0	267852.0	12445.0	1952.0	12252.0	3.0	4680.0	10453.0	905.0	9548.0
179023.0	158913.0	6658.0	595.0	4776.0	168.0	2121.0	5792.0	94.0	5698.0
2155664.0	1330054.0	247427.0	13583.0	211925.0	17783.0	223704.0	111188.0	18867.0	92321.0
453616.0	355315.0	10627.0	6826.0	25562.0	2436.0	32942.0	19908.0	2801.0	17107.0
75774.0	72373.0	520.0	148.0	1122.0	0.0	197.0	1414.0	271.0	1143.0
88888.0	82304.0	977.0	143.0	3505.0	34.0	293.0	1632.0	44.0	1588.0
407761.0	367574.0	9702.0	467.0	14874.0	32.0	5283.0	9829.0	775.0	9054.0
148582.0	140747.0	836.0	354.0	2563.0	0.0	209.0	3873.0	197.0	3676.0
303251.0	288104.0	2089.0	57.0	5846.0	0.0	1712.0	5443.0	522.0	4921.0
127428.0	118919.0	1196.0	50.0	4107.0	0.0	175.0	2981.0	578.0	2403.0
270991.0	176909.0	41557.0	824.0	22599.0	60.0	20986.0	8056.0	3178.0	4878.0
939151.0	678573.0	56391.0	1748.0	153276.0	804.0	20616.0	27743.0	4733.0	23010.0
449284.0	323113.0	74530.0	378.0	23697.0	123.0	10123.0	17320.0	2367.0	14953.0
510150.0	324529.0	96342.0	1032.0	29696.0	0.0	44228.0	14323.0	1950.0	12373.0
94430.0	86834.0	3321.0	63.0	806.0	127.0	648.0	2631.0	38.0	2593.0
153797.0	103640.0	28739.0	1960.0	2258.0	0.0	10350.0	6850.0	1876.0	4974.0
796914.0	355482.0	317198.0	1518.0	42298.0	0.0	58747.0	21671.0	4090.0	17581.0
292330.0	237650.0	29805.0	215.0	8955.0	0.0	6186.0	9519.0	3066.0	6453.0
677983.0	367911.0	81508.0	2484.0	102554.0	752.0	96113.0	26661.0	11030.0	15631.0
124676.0	113236.0	3498.0	19.0	4757.0	73.0	1238.0	1855.0	791.0	1064.0
371023.0	238907.0	78453.0	493.0	40864.0	597.0	4213.0	7496.0	933.0	6563.0
837073.0	490322.0	83900.0	2096.0	203045.0	297.0	35789.0	21624.0	7529.0	14095.0
625846.0	514689.0	45430.0	966.0	35774.0	30.0	18484.0	10473.0	1843.0	8630.0
498423.0	402032.0	15796.0	139.0	53056.0	0.0	17716.0	9684.0	1638.0	8046.0
592497.0	536665.0	17336.0	400.0	11908.0	664.0	17161.0	8363.0	1162.0	7201.0
507945.0	333685.0	57390.0	1643.0	26481.0	180.0	74754.0	13812.0	3444.0	10368.0
63436.0	50303.0	8147.0	162.0	774.0	0.0	1966.0	2084.0	246.0	1838.0
333751.0	224326.0	32448.0	1718.0	57437.0	47.0	10493.0	7282.0	1659.0	5623.0
142522.0	132461.0	2904.0	0.0	3229.0	0.0	1717.0	2211.0	96.0	2115.0
555630.0	304604.0	114911.0	2210.0	27892.0	0.0	89983.0	16030.0	5446.0	10584.0
106617.0	95037.0	4981.0	117.0	2825.0	0.0	2019.0	1638.0	161.0	1477.0
676953.0	479588.0	18679.0	34521.0	18595.0	498.0	101451.0	23621.0	9664.0	13957.0
65282.0	59253.0	1717.0	1481.0	67.0	22.0	2013.0	729.0	650.0	79.0
214207.0	194538.0	3599.0	2578.0	2341.0	69.0	8652.0	2430.0	628.0	1802.0
69749.0	62201.0	2172.0	452.0	0.0	46.0	3134.0	1744.0	265.0	1479.0
74923.0	10318.0	161.0	58562.0	766.0	219.0	3963.0	934.0	364.0	570.0
65410.0	50841.0	2625.0	4423.0	969.0	0.0	3628.0	2924.0	452.0	2472.0
142025.0	99399.0	2980.0	18026.0	2100.0	25.0	11878.0	7617.0	2504.0	5113.0
115079.0	62316.0	656.0	41426.0	690.0	74.0	6795.0	3122.0	413.0	2709.0
148651.0	126078.0	1260.0	5173.0	1976.0	38.0	9950.0	4176.0	2010.0	2166.0
75626.0	60577.0	788.0	2782.0	340.0	0.0	8365.0	2774.0	1413.0	1361.0
308846.0	230831.0	38386.0	788.0	21011.0	0.0	5538.0	12292.0	1706.0	10586.0
1455720.0	312877.0	495031.0	8777.0	51958.0	372.0	528863.0	57842.0	23737.0	34105.0
195334.0	166572.0	12650.0	13.0	7006.0	21.0	1866.0	7206.0	810.0	6396.0
77677.0	71286.0	1148.0	2615.0	509.0	0.0	376.0	1743.0	621.0	1122.0
77861.0	71746.0	3240.0	139.0	400.0	0.0	554.0	1782.0	171.0	1611.0
129504.0	120008.0	3784.0	326.0	760.0	64.0	2035.0	2527.0	493.0	2034.0
86322.0	75851.0	4798.0	171.0	1588.0	22.0	770.0	3122.0	110.0	3012.0
81073.0	73092.0	3875.0	114.0	990.0	0.0	1811.0	1191.0	117.0	1074.0
294473.0	232515.0	31588.0	989.0	10743.0	422.0	9189.0	9027.0	1490.0	7537.0
921046.0	718970.0	122691.0	4730.0	34132.0	405.0	18740.0	21378.0	3686.0	17692.0
114006.0	98583.0	5871.0	1667.0	1998.0	41.0	1425.0	4421.0	629.0	3792.0
2629150.0	1124155.0	861749.0	8714.0	315850.0	1402.0	237591.0	79689.0	13817.0	65872.0
64257.0	59522.0	1985.0	352.0	699.0	76.0	800.0	823.0	9.0	814.0
71329.0	67495.0	1272.0	203.0	726.0	152.0	200.0	1281.0	409.0	872.0
747727.0	570709.0	113806.0	2763.0	26420.0	309.0	12100.0	21620.0	3305.0	18315.0
1361500.0	926594.0	158561.0	3420.0	127934.0	285.0	102363.0	42343.0	11992.0	30351.0
1643734.0	931953.0	246095.0	4555.0	204434.0	1205.0	179384.0	76108.0	21190.0	54918.0
211758.0	185171.0	13450.0	2246.0	2082.0	141.0	1822.0	6846.0	533.0	6313.0
231190.0	197816.0	13313.0	400.0	9824.0	53.0	2474.0	7310.0	519.0	6791.0
466194.0	370920.0	52781.0	1769.0	17413.0	81.0	6250.0	16980.0	587.0	16393.0
109828.0	101231.0	3180.0	584.0	1345.0	114.0	1649.0	1725.0	330.0	1395.0
379210.0	278706.0	38853.0	1877.0	10686.0	149.0	32984.0	15955.0	3331.0	12624.0
118987.0	113860.0	1795.0	184.0	730.0	75.0	167.0	2176.0	20.0	2156.0
98900.0	85102.0	1490.0	859.0	2214.0	56.0	7046.0	2133.0	357.0	1776.0
2333054.0	905860.0	421307.0	9509.0	592922.0	1240.0	318657.0	83559.0	29285.0	54274.0
160070.0	137956.0	9755.0	799.0	4019.0	0.0	1866.0	5675.0	265.0	5410.0
476015.0	352530.0	48920.0	251.0	40747.0	721.0	22464.0	10382.0	2183.0	8199.0
326780.0	225848.0	40350.0	592.0	19686.0	49.0	33989.0	6266.0	1087.0	5179.0
110038.0	102840.0	2925.0	437.0	1489.0	11.0	472.0	1864.0	288.0	1576.0
227053.0	211505.0	2719.0	484.0	6797.0	91.0	907.0	4550.0	54.0	4496.0
154553.0	119476.0	14509.0	258.0	6739.0	219.0	7110.0	6242.0	1149.0	5093.0
96940.0	91500.0	1835.0	120.0	1298.0	0.0	524.0	1663.0	288.0	1375.0
1492583.0	1195796.0	111177.0	3361.0	58726.0	833.0	93130.0	29560.0	8108.0	21452.0
74801.0	60496.0	5662.0	52.0	1227.0	0.0	4373.0	2991.0	502.0	2489.0
104871.0	83423.0	4698.0	268.0	10625.0	0.0	1656.0	4201.0	223.0	3978.0
179225.0	152042.0	10859.0	151.0	3969.0	21.0	5275.0	6908.0	701.0	6207.0
64567.0	62127.0	690.0	85.0	603.0	82.0	146.0	834.0	0.0	834.0
90798.0	84497.0	2458.0	59.0	775.0	0.0	1092.0	1917.0	48.0	1869.0
974542.0	628687.0	144510.0	2745.0	57962.0	192.0	107885.0	32561.0	12405.0	20156.0
159688.0	110933.0	31088.0	779.0	2245.0	307.0	11140.0	3196.0	478.0	2718.0
126953.0	105877.0	13110.0	1056.0	708.0	0.0	2814.0	3388.0	365.0	3023.0
256088.0	226953.0	15445.0	959.0	3542.0	425.0	3181.0	5583.0	288.0	5295.0
88851.0	74837.0	5443.0	537.0	3447.0	127.0	3437.0	1023.0	0.0	1023.0
201590.0	141332.0	34402.0	511.0	6212.0	374.0	12541.0	6218.0	1200.0	5018.0
81449.0	72101.0	3611.0	550.0	302.0	0.0	3569.0	1316.0	218.0	1098.0
68890.0	61844.0	3798.0	285.0	546.0	0.0	320.0	2097.0	53.0	2044.0
156459.0	122004.0	13875.0	600.0	6466.0	0.0	10980.0	2534.0	84.0	2450.0
72243.0	59488.0	8033.0	0.0	868.0	0.0	1187.0	2667.0	122.0	2545.0
97144.0	71847.0	20734.0	157.0	1134.0	0.0	2499.0	773.0	115.0	658.0
103445.0	71552.0	20612.0	812.0	3215.0	50.0	3030.0	4174.0	0.0	4174.0
327127.0	162910.0	124566.0	5012.0	7649.0	737.0	7461.0	18792.0	1746.0	17046.0
164926.0	139762.0	13621.0	133.0	2630.0	0.0	4359.0	4421.0	0.0	4421.0
306212.0	158099.0	113137.0	669.0	15714.0	267.0	10281.0	8045.0	591.0	7454.0
371511.0	245900.0	97584.0	1513.0	8532.0	21.0	8879.0	9082.0	1324.0	7758.0
216965.0	167912.0	34358.0	1004.0	3627.0	0.0	5169.0	4895.0	680.0	4215.0
521330.0	290962.0	175229.0	1975.0	26138.0	383.0	14980.0	11663.0	963.0	10700.0
130881.0	86920.0	27503.0	878.0	916.0	202.0	8723.0	5739.0	830.0	4909.0
114209.0	106200.0	5236.0	6.0	1607.0	0.0	335.0	825.0	0.0	825.0
172916.0	142713.0	21633.0	194.0	4410.0	0.0	1728.0	2238.0	371.0	1867.0
191450.0	149935.0	31782.0	729.0	536.0	0.0	3042.0	5426.0	543.0	4883.0
81168.0	70976.0	3566.0	1149.0	638.0	106.0	3239.0	1494.0	517.0	977.0
1054835.0	574931.0	334621.0	2740.0	59544.0	786.0	55771.0	26442.0	2388.0	24054.0
95776.0	78987.0	13027.0	108.0	1649.0	80.0	510.0	1415.0	171.0	1244.0
94005.0	50212.0	37748.0	434.0	845.0	0.0	3161.0	1605.0	193.0	1412.0
223483.0	180970.0	31080.0	625.0	2161.0	0.0	2255.0	6392.0	205.0	6187.0
187136.0	139353.0	24311.0	591.0	3350.0	413.0	3224.0	15894.0	2144.0	13750.0
141796.0	106590.0	14958.0	677.0	11270.0	0.0	1976.0	6325.0	881.0	5444.0
177220.0	102197.0	62515.0	640.0	2983.0	64.0	4316.0	4505.0	268.0	4237.0
143416.0	119977.0	9771.0	262.0	1463.0	0.0	9133.0	2810.0	443.0	2367.0
133235.0	38442.0	32385.0	52789.0	958.0	197.0	6244.0	2220.0	209.0	2011.0
91393.0	70668.0	15921.0	717.0	618.0	51.0	1117.0	2301.0	33.0	2268.0
139933.0	107453.0	22460.0	659.0	1104.0	0.0	5519.0	2738.0	212.0	2526.0
66421.0	58022.0	5822.0	627.0	744.0	29.0	229.0	948.0	0.0	948.0
72113.0	65066.0	2708.0	153.0	406.0	173.0	2561.0	1046.0	0.0	1046.0
226606.0	187188.0	25691.0	528.0	5792.0	0.0	2272.0	5135.0	181.0	4954.0
1046791.0	688226.0	213306.0	3815.0	69541.0	157.0	40616.0	31130.0	3082.0	28048.0
124150.0	79743.0	37003.0	324.0	1539.0	65.0	1082.0	4394.0	44.0	4350.0
68740.0	62089.0	1994.0	10.0	1232.0	104.0	1906.0	1405.0	41.0	1364.0
81661.0	41449.0	32474.0	574.0	208.0	0.0	4874.0	2082.0	57.0	2025.0
94487.0	85935.0	2066.0	4142.0	714.0	140.0	108.0	1382.0	140.0	1242.0
175249.0	153678.0	9281.0	1478.0	4496.0	0.0	908.0	5408.0	357.0	5051.0
71083.0	62439.0	2825.0	1780.0	1802.0	0.0	80.0	2157.0	106.0	2051.0
70210.0	60834.0	1578.0	3000.0	865.0	0.0	1717.0	2216.0	0.0	2216.0
103742.0	85612.0	12198.0	245.0	917.0	0.0	1244.0	3526.0	287.0	3239.0
98231.0	90797.0	3902.0	269.0	492.0	42.0	222.0	2507.0	0.0	2507.0
66186.0	59847.0	2143.0	0.0	1250.0	0.0	407.0	2539.0	112.0	2427.0
377537.0	322458.0	30413.0	536.0	10086.0	98.0	3219.0	10727.0	764.0	9963.0
134786.0	117082.0	9921.0	289.0	393.0	53.0	808.0	6240.0	97.0	6143.0
203022.0	193577.0	3373.0	0.0	2833.0	187.0	391.0	2661.0	35.0	2626.0
103685.0	97992.0	2766.0	201.0	0.0	0.0	1185.0	1541.0	194.0	1347.0
1249352.0	780502.0	367135.0	2275.0	35357.0	389.0	21144.0	42550.0	4011.0	38539.0
196463.0	173006.0	6944.0	253.0	11311.0	53.0	738.0	4158.0	250.0	3908.0
75107.0	64185.0	6933.0	61.0	620.0	0.0	779.0	2529.0	153.0	2376.0
152597.0	133473.0	11068.0	407.0	1560.0	0.0	1309.0	4780.0	201.0	4579.0
1264518.0	855234.0	280522.0	2170.0	62789.0	747.0	15363.0	47693.0	2146.0	45547.0
164765.0	141014.0	11672.0	235.0	4902.0	0.0	1707.0	5235.0	131.0	5104.0
809099.0	542878.0	208972.0	800.0	21398.0	85.0	11962.0	23004.0	648.0	22356.0
75872.0	70208.0	821.0	7.0	1412.0	0.0	1358.0	2066.0	399.0	1667.0
228614.0	208258.0	9011.0	388.0	3153.0	26.0	2414.0	5364.0	545.0	4819.0
172198.0	158253.0	6542.0	125.0	2087.0	0.0	926.0	4265.0	0.0	4265.0
306365.0	260616.0	26803.0	578.0	2735.0	174.0	4160.0	11299.0	2356.0	8943.0
432488.0	313144.0	82833.0	816.0	6710.0	233.0	10626.0	18126.0	3508.0	14618.0
230008.0	183773.0	35050.0	402.0	2048.0	0.0	1527.0	7208.0	446.0	6762.0
177221.0	168281.0	2542.0	524.0	1651.0	0.0	996.0	3227.0	92.0	3135.0
104679.0	98031.0	2410.0	126.0	1294.0	0.0	720.0	2098.0	89.0	2009.0
531239.0	388711.0	110639.0	640.0	11335.0	374.0	3071.0	16469.0	332.0	16137.0
161921.0	147855.0	6943.0	174.0	2837.0	0.0	511.0	3601.0	39.0	3562.0
121107.0	104750.0	12153.0	253.0	821.0	85.0	630.0	2415.0	247.0	2168.0
373612.0	327583.0	27377.0	218.0	3682.0	0.0	2474.0	12278.0	869.0	11409.0
540300.0	427390.0	77916.0	503.0	17116.0	149.0	1385.0	15841.0	552.0	15289.0
201825.0	178222.0	17537.0	364.0	860.0	0.0	291.0	4551.0	154.0	4397.0
227063.0	200973.0	8661.0	0.0	12734.0	0.0	1886.0	2809.0	12.0	2797.0
116470.0	109609.0	1923.0	33.0	1265.0	0.0	1789.0	1851.0	50.0	1801.0
130219.0	119109.0	3912.0	510.0	1938.0	234.0	1858.0	2658.0	472.0	2186.0
136532.0	110859.0	3031.0	5720.0	4298.0	0.0	5825.0	6799.0	609.0	6190.0
278655.0	218891.0	12353.0	11785.0	12864.0	142.0	3154.0	19466.0	981.0	18485.0
122136.0	76393.0	22659.0	6613.0	2645.0	225.0	2850.0	10751.0	709.0	10042.0
71312.0	56935.0	1349.0	8304.0	249.0	55.0	282.0	4138.0	0.0	4138.0
69477.0	40817.0	7297.0	12438.0	513.0	103.0	1728.0	6581.0	110.0	6471.0
782970.0	539756.0	118634.0	24989.0	24246.0	1011.0	24272.0	50062.0	2661.0	47401.0
81131.0	65460.0	3536.0	4184.0	3866.0	0.0	295.0	3790.0	134.0	3656.0
72290.0	54566.0	2607.0	10306.0	578.0	60.0	368.0	3805.0	522.0	3283.0
91766.0	68761.0	871.0	10913.0	1044.0	0.0	1171.0	9006.0	111.0	8895.0
642940.0	445786.0	63930.0	32602.0	21241.0	279.0	26455.0	52647.0	2707.0	49940.0
77679.0	58594.0	2716.0	6890.0	951.0	90.0	908.0	7530.0	551.0	6979.0
89385.0	77080.0	984.0	459.0	5884.0	262.0	1185.0	3531.0	0.0	3531.0
408062.0	357854.0	4548.0	3639.0	16159.0	626.0	8713.0	16523.0	509.0	16014.0
181307.0	167962.0	1089.0	806.0	1730.0	87.0	3582.0	6051.0	639.0	5412.0
108457.0	100124.0	642.0	1033.0	1026.0	102.0	618.0	4912.0	179.0	4733.0
216527.0	192932.0	1390.0	2298.0	2803.0	635.0	8039.0	8430.0	547.0	7883.0
85904.0	80113.0	1441.0	1593.0	657.0	22.0	249.0	1829.0	412.0	1417.0
66443.0	57742.0	134.0	3131.0	702.0	216.0	1793.0	2725.0	0.0	2725.0
369519.0	324944.0	3663.0	4162.0	9597.0	928.0	6858.0	19367.0	917.0	18450.0
122849.0	110734.0	595.0	1248.0	1299.0	74.0	4511.0	4388.0	128.0	4260.0
336316.0	265422.0	4806.0	2378.0	6959.0	2402.0	23368.0	30981.0	1733.0	29248.0
799766.0	630308.0	45410.0	5658.0	56252.0	4647.0	16182.0	41309.0	1837.0	39472.0
81823.0	73654.0	358.0	1905.0	1362.0	369.0	1402.0	2773.0	404.0	2369.0
76456.0	67399.0	573.0	1861.0	266.0	141.0	1998.0	4218.0	395.0	3823.0
582779.0	439014.0	10846.0	2252.0	58739.0	2262.0	33702.0	35964.0	6662.0	29302.0
105035.0	91961.0	611.0	1755.0	1804.0	367.0	3317.0	5220.0	457.0	4763.0
102180.0	94434.0	1057.0	65.0	426.0	0.0	3626.0	2572.0	212.0	2360.0
1225365.0	982979.0	154858.0	975.0	43283.0	443.0	4933.0	37894.0	2346.0	35548.0
167429.0	151718.0	9238.0	91.0	551.0	194.0	779.0	4858.0	136.0	4722.0
414812.0	343554.0	18603.0	4478.0	5504.0	0.0	14887.0	27786.0	2254.0	25532.0
124650.0	119127.0	2498.0	17.0	844.0	262.0	354.0	1548.0	113.0	1435.0
626399.0	551410.0	22210.0	912.0	30721.0	0.0	7193.0	13953.0	2115.0	11838.0
186847.0	179023.0	2329.0	177.0	2478.0	0.0	727.0	2113.0	31.0	2082.0
134732.0	126107.0	3266.0	13.0	515.0	175.0	527.0	4129.0	460.0	3669.0
161464.0	142112.0	5949.0	115.0	8766.0	80.0	437.0	4005.0	1190.0	2815.0
516312.0	440376.0	29721.0	506.0	25578.0	254.0	6783.0	13094.0	2573.0	10521.0
80596.0	76391.0	2580.0	508.0	390.0	0.0	228.0	499.0	108.0	391.0
66420.0	62704.0	1475.0	64.0	781.0	0.0	787.0	609.0	106.0	503.0
86257.0	82613.0	1507.0	14.0	314.0	51.0	192.0	1566.0	336.0	1230.0
248506.0	218262.0	10293.0	171.0	10925.0	0.0	4149.0	4706.0	953.0	3753.0
273707.0	193791.0	52861.0	918.0	11959.0	0.0	7929.0	6249.0	190.0	6059.0
563402.0	389846.0	120082.0	1165.0	32804.0	0.0	6352.0	13153.0	878.0	12275.0
276207.0	241733.0	20144.0	613.0	4980.0	201.0	1903.0	6633.0	487.0	6146.0
132733.0	122730.0	5313.0	63.0	320.0	56.0	589.0	3662.0	65.0	3597.0
153851.0	142799.0	6445.0	469.0	1733.0	60.0	601.0	1744.0	200.0	1544.0
86364.0	81885.0	2255.0	291.0	942.0	62.0	156.0	773.0	69.0	704.0
211321.0	193832.0	5870.0	214.0	5204.0	58.0	1246.0	4897.0	80.0	4817.0
538500.0	481798.0	23427.0	431.0	10923.0	53.0	9219.0	12649.0	1402.0	11247.0
87294.0	81410.0	4075.0	45.0	344.0	0.0	139.0	1281.0	73.0	1208.0
138863.0	120894.0	3650.0	129.0	2078.0	0.0	9250.0	2862.0	1546.0	1316.0
363147.0	286600.0	26645.0	358.0	11587.0	0.0	26967.0	10990.0	2337.0	8653.0
316383.0	285321.0	13937.0	452.0	3756.0	77.0	7116.0	5724.0	1185.0	4539.0
115248.0	106461.0	5208.0	11.0	637.0	17.0	296.0	2618.0	166.0	2452.0
112913.0	103190.0	6427.0	71.0	904.0	18.0	165.0	2138.0	26.0	2112.0
166098.0	124741.0	23137.0	257.0	3492.0	191.0	8899.0	5381.0	1209.0	4172.0
821725.0	654626.0	73076.0	1230.0	60749.0	295.0	9751.0	21998.0	2402.0	19596.0
302294.0	262942.0	15889.0	459.0	8454.0	0.0	4759.0	9791.0	1550.0	8241.0
92541.0	87742.0	2471.0	127.0	432.0	0.0	665.0	1104.0	186.0	918.0
1567872.0	634111.0	661032.0	5521.0	110733.0	480.0	104892.0	51103.0	10716.0	40387.0
143573.0	133893.0	4370.0	288.0	829.0	0.0	2261.0	1932.0	398.0	1534.0
75061.0	71676.0	2031.0	69.0	380.0	0.0	163.0	742.0	53.0	689.0
207981.0	194397.0	6242.0	271.0	1981.0	0.0	1153.0	3937.0	21.0	3916.0
355458.0	336698.0	9544.0	75.0	3691.0	34.0	797.0	4619.0	202.0	4417.0
443744.0	391834.0	25561.0	943.0	6918.0	231.0	7853.0	10404.0	737.0	9667.0
164614.0	151589.0	2738.0	196.0	3675.0	128.0	1900.0	4388.0	135.0	4253.0
82784.0	74333.0	3077.0	130.0	1864.0	310.0	1106.0	1964.0	318.0	1646.0
633673.0	460377.0	58806.0	4643.0	26713.0	572.0	57811.0	24751.0	6326.0	18425.0
126288.0	117411.0	2307.0	293.0	3352.0	427.0	1202.0	1296.0	28.0	1268.0
167458.0	119571.0	41026.0	477.0	1938.0	125.0	1057.0	3264.0	101.0	3163.0
196569.0	156660.0	32543.0	309.0	1935.0	0.0	1944.0	3178.0	52.0	3126.0
183149.0	138177.0	33588.0	659.0	2367.0	106.0	4005.0	4247.0	538.0	3709.0
210898.0	141762.0	51487.0	644.0	5728.0	0.0	5460.0	5817.0	51.0	5766.0
396484.0	271106.0	109189.0	626.0	6001.0	0.0	2356.0	7206.0	217.0	6989.0
153773.0	103108.0	37763.0	1078.0	2803.0	0.0	3173.0	5848.0	139.0	5709.0
138742.0	75530.0	59522.0	113.0	1751.0	0.0	282.0	1544.0	30.0	1514.0
498766.0	372089.0	91056.0	1844.0	11379.0	439.0	11693.0	10266.0	1205.0	9061.0
70133.0	45687.0	21328.0	0.0	918.0	0.0	1265.0	935.0	96.0	839.0
322342.0	260680.0	44012.0	1727.0	4425.0	192.0	6660.0	4646.0	1213.0	3433.0
89594.0	64846.0	20723.0	0.0	412.0	0.0	3039.0	574.0	0.0	574.0
66777.0	47288.0	14837.0	128.0	981.0	471.0	1017.0	2055.0	348.0	1707.0
286196.0	227447.0	41478.0	627.0	4965.0	111.0	3819.0	7749.0	400.0	7349.0
76355.0	67461.0	5645.0	61.0	404.0	0.0	952.0	1832.0	158.0	1674.0
87903.0	29564.0	55797.0	606.0	529.0	0.0	23.0	1384.0	0.0	1384.0
122863.0	108555.0	8542.0	0.0	3013.0	109.0	841.0	1803.0	342.0	1461.0
409549.0	186850.0	190887.0	695.0	10198.0	545.0	8467.0	11907.0	937.0	10970.0
301463.0	221226.0	61262.0	197.0	6514.0	30.0	4830.0	7404.0	695.0	6709.0
107396.0	51345.0	51510.0	104.0	1659.0	142.0	400.0	2236.0	258.0	1978.0
258526.0	191332.0	48293.0	2027.0	4854.0	115.0	5796.0	6109.0	603.0	5506.0
187318.0	161240.0	9385.0	3948.0	4477.0	67.0	2887.0	5314.0	549.0	4765.0
109372.0	90775.0	1426.0	10308.0	1444.0	14.0	254.0	5151.0	712.0	4439.0
75936.0	69275.0	3191.0	0.0	1208.0	87.0	762.0	1413.0	0.0	1413.0
128670.0	120416.0	3897.0	113.0	914.0	81.0	242.0	3007.0	160.0	2847.0
104490.0	95746.0	5734.0	629.0	243.0	46.0	759.0	1333.0	0.0	1333.0
684410.0	442201.0	187329.0	1398.0	25891.0	605.0	10795.0	16191.0	1099.0	15092.0
68615.0	64883.0	1404.0	168.0	208.0	0.0	349.0	1603.0	300.0	1303.0
357738.0	271063.0	70591.0	499.0	6865.0	0.0	924.0	7796.0	1073.0	6723.0
456132.0	390124.0	40267.0	1780.0	10650.0	261.0	4973.0	8077.0	359.0	7718.0
97663.0	58095.0	37031.0	53.0	1017.0	0.0	381.0	1086.0	115.0	971.0
89981.0	75419.0	10898.0	122.0	70.0	0.0	1046.0	2426.0	305.0	2121.0
195734.0	140854.0	37819.0	1383.0	5439.0	1446.0	2057.0	6736.0	648.0	6088.0
75931.0	71824.0	661.0	0.0	1664.0	0.0	14.0	1768.0	0.0	1768.0
69165.0	62171.0	4986.0	125.0	429.0	0.0	200.0	1254.0	0.0	1254.0
308251.0	239190.0	43917.0	755.0	10482.0	0.0	3974.0	9933.0	793.0	9140.0
96673.0	91955.0	561.0	374.0	500.0	0.0	614.0	2669.0	59.0	2610.0
934603.0	360410.0	499045.0	2855.0	22771.0	165.0	31109.0	18248.0	1624.0	16624.0
156667.0	147950.0	2912.0	184.0	664.0	418.0	1169.0	3370.0	229.0	3141.0
180063.0	160406.0	13146.0	336.0	2300.0	60.0	412.0	3403.0	359.0	3044.0
127440.0	116552.0	5480.0	813.0	2028.0	64.0	292.0	2211.0	0.0	2211.0
219107.0	194634.0	9008.0	251.0	9027.0	515.0	1127.0	4545.0	907.0	3638.0
132781.0	117941.0	9745.0	507.0	2438.0	0.0	671.0	1479.0	28.0	1451.0
87791.0	67968.0	13621.0	1342.0	1007.0	47.0	3217.0	589.0	70.0	519.0
82733.0	58948.0	5621.0	431.0	1293.0	0.0	14508.0	1932.0	935.0	997.0
340411.0	217524.0	82612.0	1945.0	9696.0	2515.0	6984.0	19135.0	1038.0	18097.0
1928680.0	1520769.0	151997.0	14260.0	56054.0	1282.0	129637.0	54681.0	13391.0	41290.0
93860.0	65905.0	22872.0	298.0	1265.0	314.0	680.0	2526.0	195.0	2331.0
354195.0	264794.0	45897.0	3592.0	23012.0	13.0	9487.0	7400.0	606.0	6794.0
220417.0	167258.0	22640.0	1067.0	14050.0	107.0	7067.0	8228.0	402.0	7826.0
422135.0	401139.0	2142.0	341.0	3497.0	120.0	12137.0	2759.0	1599.0	1160.0
939585.0	661559.0	87766.0	3583.0	132486.0	822.0	23075.0	30294.0	4394.0	25900.0
134788.0	120507.0	3101.0	119.0	1532.0	89.0	7470.0	1970.0	318.0	1652.0
74686.0	53879.0	7911.0	960.0	1656.0	558.0	788.0	8934.0	231.0	8703.0
2574984.0	1591187.0	582365.0	6506.0	157592.0	1393.0	159620.0	76321.0	20262.0	56059.0
806180.0	599270.0	74199.0	3992.0	63864.0	602.0	32029.0	32224.0	5108.0	27116.0
157462.0	134245.0	7643.0	1069.0	1809.0	0.0	8735.0	3961.0	545.0	3416.0
168499.0	141134.0	16525.0	1104.0	1390.0	83.0	2379.0	5884.0	740.0	5144.0
837918.0	674348.0	30034.0	5360.0	11107.0	299.0	95668.0	21102.0	6144.0	14958.0
741237.0	388931.0	152115.0	3077.0	146796.0	93.0	34405.0	15820.0	4015.0	11805.0
329431.0	258194.0	43453.0	2556.0	11418.0	87.0	7317.0	6406.0	244.0	6162.0
128235.0	111018.0	5527.0	1352.0	1826.0	16.0	3119.0	5377.0	128.0	5249.0
123745.0	92247.0	25793.0	534.0	1883.0	0.0	1037.0	2251.0	183.0	2068.0
155265.0	106494.0	11011.0	187.0	3061.0	1657.0	28146.0	4709.0	819.0	3890.0
4589928.0	2880994.0	874306.0	15178.0	317740.0	3839.0	392701.0	105170.0	23519.0	81651.0
204470.0	184248.0	8627.0	315.0	3314.0	0.0	3753.0	4213.0	560.0	3653.0
79901.0	71904.0	4775.0	928.0	53.0	223.0	402.0	1616.0	9.0	1607.0
849843.0	717201.0	2922.0	1953.0	9403.0	93.0	105943.0	12328.0	9556.0	2772.0
92073.0	71701.0	7680.0	1185.0	1488.0	0.0	9273.0	746.0	49.0	697.0
254679.0	150261.0	86060.0	816.0	10050.0	198.0	4262.0	3032.0	888.0	2144.0
163274.0	149251.0	5440.0	1179.0	1305.0	751.0	1997.0	3351.0	701.0	2650.0
118350.0	98799.0	12733.0	324.0	1429.0	0.0	2852.0	2213.0	428.0	1785.0
81704.0	69437.0	8414.0	403.0	476.0	0.0	2508.0	466.0	57.0	409.0
303137.0	248032.0	21502.0	3901.0	5857.0	1000.0	15506.0	7339.0	2176.0	5163.0
247934.0	191192.0	36482.0	1100.0	3858.0	149.0	9396.0	5757.0	1377.0	4380.0
162565.0	139118.0	11490.0	341.0	3386.0	88.0	4628.0	3514.0	1406.0	2108.0
556203.0	480382.0	30394.0	3642.0	15327.0	358.0	12616.0	13484.0	1354.0	12130.0
361350.0	326313.0	14774.0	1487.0	6628.0	211.0	5624.0	6313.0	2697.0	3616.0
84964.0	75017.0	7525.0	406.0	1198.0	0.0	0.0	818.0	41.0	777.0
129441.0	121518.0	1965.0	984.0	731.0	72.0	2346.0	1825.0	389.0	1436.0
120832.0	94819.0	12161.0	302.0	5672.0	202.0	2918.0	4758.0	670.0	4088.0
132501.0	118130.0	3530.0	998.0	2313.0	188.0	4183.0	3159.0	580.0	2579.0
93978.0	80801.0	5936.0	54.0	2560.0	0.0	1569.0	3058.0	97.0	2961.0
67655.0	63487.0	1049.0	257.0	598.0	27.0	845.0	1392.0	190.0	1202.0
225290.0	170784.0	39062.0	1092.0	3832.0	159.0	6557.0	3804.0	715.0	3089.0
2016872.0	1367728.0	320375.0	9482.0	109096.0	2648.0	141326.0	66217.0	9397.0	56820.0
136535.0	105853.0	10686.0	1134.0	3333.0	8.0	11670.0	3851.0	1036.0	2815.0
118386.0	105757.0	5937.0	506.0	1289.0	0.0	2978.0	1919.0	277.0	1642.0
1199323.0	892987.0	99449.0	5241.0	76749.0	1443.0	81863.0	41591.0	6673.0	34918.0
92467.0	80797.0	6235.0	347.0	1396.0	164.0	2674.0	854.0	355.0	499.0
271193.0	258612.0	1181.0	358.0	832.0	0.0	8188.0	2022.0	394.0	1628.0
131838.0	104044.0	12709.0	1428.0	3735.0	151.0	3835.0	5936.0	1605.0	4331.0
528718.0	421797.0	31597.0	1678.0	35179.0	143.0	15041.0	23283.0	3781.0	19502.0
122753.0	110095.0	968.0	373.0	3234.0	473.0	5253.0	2357.0	174.0	2183.0
342281.0	304284.0	4795.0	1841.0	6019.0	2845.0	11341.0	11156.0	2826.0	8330.0
1121354.0	882231.0	19235.0	6570.0	44706.0	16997.0	114439.0	37176.0	6520.0	30656.0
592299.0	548560.0	3287.0	4182.0	8277.0	5381.0	5515.0	17097.0	1017.0	16080.0
160245.0	143282.0	624.0	2161.0	1461.0	1646.0	7247.0	3824.0	1248.0	2576.0
247560.0	223579.0	2438.0	1843.0	2914.0	281.0	9278.0	7227.0	836.0	6391.0
161531.0	145945.0	4444.0	481.0	5969.0	44.0	1023.0	3625.0	383.0	3242.0
106878.0	86536.0	10426.0	255.0	5383.0	70.0	1618.0	2590.0	126.0	2464.0
230050.0	162749.0	19802.0	962.0	23558.0	411.0	13518.0	9050.0	755.0	8295.0
77960.0	69040.0	5655.0	28.0	917.0	85.0	966.0	1269.0	352.0	917.0
339009.0	229400.0	76274.0	672.0	13052.0	254.0	8584.0	10773.0	656.0	10117.0
1138652.0	705214.0	110990.0	2448.0	217179.0	979.0	53939.0	47903.0	4637.0	43266.0
69069.0	59717.0	4975.0	323.0	1296.0	0.0	313.0	2445.0	837.0	1608.0
84421.0	76577.0	2682.0	453.0	1173.0	0.0	854.0	2682.0	126.0	2556.0
104392.0	90528.0	8977.0	281.0	1023.0	156.0	235.0	3192.0	247.0	2945.0
326501.0	188411.0	95882.0	591.0	27058.0	283.0	3972.0	10304.0	640.0	9664.0
74404.0	58683.0	9516.0	36.0	1654.0	0.0	779.0	3736.0	579.0	3157.0
385945.0	258094.0	27802.0	1213.0	67889.0	769.0	11962.0	18216.0	1996.0	16220.0
98602.0	84345.0	4420.0	419.0	5442.0	30.0	974.0	2972.0	636.0	2336.0
455210.0	254644.0	93401.0	1594.0	40673.0	356.0	41139.0	23403.0	3472.0	19931.0
94031.0	82416.0	5908.0	232.0	2895.0	0.0	1166.0	1414.0	50.0	1364.0
79744.0	73927.0	2701.0	0.0	552.0	217.0	1130.0	1217.0	0.0	1217.0
132010.0	94731.0	21641.0	164.0	3101.0	49.0	7674.0	4650.0	612.0	4038.0
144361.0	96123.0	25628.0	666.0	5862.0	90.0	8659.0	7333.0	1589.0	5744.0
67976.0	50925.0	8714.0	241.0	4245.0	612.0	566.0	2673.0	569.0	2104.0
155810.0	92717.0	34500.0	99.0	9726.0	146.0	11250.0	7372.0	2103.0	5269.0
237940.0	147623.0	71159.0	68.0	7197.0	0.0	2808.0	9085.0	179.0	8906.0
135410.0	56219.0	68730.0	75.0	3506.0	476.0	1902.0	4502.0	322.0	4180.0
80212.0	53004.0	23624.0	312.0	795.0	0.0	235.0	2242.0	57.0	2185.0
181825.0	86739.0	73750.0	430.0	4472.0	202.0	3401.0	12831.0	1817.0	11014.0
245115.0	115675.0	100685.0	832.0	9313.0	496.0	8111.0	10003.0	1270.0	8733.0
95252.0	38231.0	49467.0	265.0	1626.0	1001.0	1566.0	3096.0	0.0	3096.0
223170.0	101987.0	105155.0	650.0	4903.0	115.0	1948.0	8412.0	451.0	7961.0
99660.0	63615.0	30307.0	68.0	3200.0	123.0	640.0	1707.0	240.0	1467.0
89273.0	45912.0	37324.0	191.0	1688.0	89.0	583.0	3486.0	287.0	3199.0
452602.0	303452.0	82660.0	901.0	30196.0	175.0	9160.0	26058.0	2689.0	23369.0
193686.0	161191.0	3631.0	1070.0	4742.0	81.0	16728.0	6243.0	1306.0	4937.0
76338.0	68936.0	1393.0	95.0	1004.0	0.0	2161.0	2749.0	0.0	2749.0
74570.0	65652.0	883.0	3385.0	774.0	48.0	728.0	3100.0	0.0	3100.0
467018.0	394477.0	8011.0	2095.0	22913.0	3821.0	14914.0	20787.0	1828.0	18959.0
105160.0	95117.0	403.0	1316.0	926.0	69.0	1800.0	5529.0	306.0	5223.0
90160.0	54718.0	1733.0	726.0	1777.0	759.0	26894.0	3553.0	845.0	2708.0
93546.0	59251.0	558.0	843.0	773.0	0.0	26679.0	5442.0	2477.0	2965.0
71628.0	62373.0	1187.0	2996.0	1304.0	132.0	514.0	3122.0	301.0	2821.0
82636.0	70785.0	1993.0	898.0	3901.0	318.0	914.0	3827.0	132.0	3695.0
2149970.0	1393480.0	130762.0	11288.0	361162.0	17123.0	97649.0	138506.0	9465.0	129041.0
264811.0	213321.0	6587.0	3022.0	11318.0	2204.0	6781.0	21578.0	1814.0	19764.0
77066.0	69504.0	542.0	1279.0	932.0	26.0	1836.0	2947.0	569.0	2378.0
861312.0	629794.0	55912.0	10825.0	52850.0	12192.0	28744.0	70995.0	2328.0	68667.0
123681.0	102076.0	736.0	2356.0	2563.0	354.0	11035.0	4561.0	872.0	3689.0
787620.0	598184.0	24290.0	7930.0	80706.0	4176.0	27135.0	45199.0	4944.0	40255.0
499072.0	437088.0	9113.0	8027.0	11616.0	2794.0	9051.0	21383.0	1850.0	19533.0
275222.0	226065.0	8506.0	3433.0	16030.0	2555.0	2870.0	15763.0	1097.0	14666.0
216800.0	178402.0	2619.0	6037.0	9298.0	524.0	11147.0	8773.0	476.0	8297.0
249636.0	194416.0	3499.0	10785.0	2502.0	35.0	30169.0	8230.0	1946.0	6284.0
113525.0	98635.0	10472.0	271.0	902.0	0.0	1605.0	1640.0	199.0	1441.0
95987.0	87445.0	4977.0	15.0	1307.0	0.0	149.0	2094.0	159.0	1935.0
186241.0	164796.0	13019.0	439.0	2148.0	0.0	194.0	5645.0	37.0	5608.0
104622.0	93692.0	4161.0	51.0	3845.0	0.0	630.0	2243.0	160.0	2083.0
76601.0	66581.0	5681.0	276.0	590.0	0.0	945.0	2528.0	65.0	2463.0
260401.0	221450.0	5768.0	7072.0	7972.0	22.0	8699.0	9418.0	3046.0	6372.0
531273.0	443862.0	25227.0	2137.0	30922.0	243.0	11260.0	17622.0	1777.0	15845.0
88068.0	85269.0	1584.0	105.0	107.0	0.0	149.0	854.0	0.0	854.0
102965.0	95273.0	764.0	463.0	4619.0	28.0	173.0	1645.0	90.0	1555.0
102144.0	94027.0	762.0	528.0	1494.0	25.0	3086.0	2222.0	143.0	2079.0
84625.0	79619.0	757.0	135.0	270.0	140.0	1411.0	2293.0	427.0	1866.0
168183.0	143113.0	12119.0	827.0	2482.0	175.0	3251.0	6216.0	1988.0	4228.0
118122.0	107056.0	1327.0	217.0	5207.0	9.0	1091.0	3215.0	252.0	2963.0
79536.0	74773.0	485.0	365.0	2022.0	0.0	217.0	1674.0	224.0	1450.0
135603.0	123417.0	483.0	456.0	7976.0	0.0	760.0	2511.0	62.0	2449.0
951448.0	562559.0	249436.0	4836.0	40031.0	168.0	57968.0	36450.0	4441.0	32009.0
184526.0	165748.0	2474.0	2854.0	6610.0	65.0	3225.0	3550.0	409.0	3141.0
88314.0	82993.0	1353.0	230.0	1709.0	0.0	493.0	1536.0	395.0	1141.0
70447.0	66177.0	485.0	162.0	1476.0	0.0	508.0	1639.0	391.0	1248.0
195140.0	156136.0	21484.0	1268.0	2903.0	0.0	7096.0	6253.0	1138.0	5115.0
161620.0	140747.0	7575.0	563.0	1734.0	0.0	6456.0	4545.0	381.0	4164.0
88029.0	84757.0	746.0	297.0	769.0	6.0	143.0	1311.0	7.0	1304.0
115427.0	104025.0	2495.0	291.0	6384.0	0.0	251.0	1981.0	32.0	1949.0
102959.0	96375.0	1042.0	90.0	1026.0	0.0	2260.0	2166.0	607.0	1559.0
134296.0	127485.0	1381.0	305.0	2081.0	126.0	1397.0	1521.0	187.0	1334.0
398424.0	367790.0	6221.0	1459.0	13818.0	156.0	3701.0	5279.0	452.0	4827.0
169886.0	156755.0	3786.0	1004.0	4567.0	0.0	1112.0	2662.0	78.0	2584.0
73107.0	69526.0	853.0	347.0	1435.0	0.0	24.0	922.0	0.0	922.0
98136.0	88958.0	2690.0	443.0	1200.0	362.0	1209.0	3274.0	276.0	2998.0
81039.0	76905.0	1391.0	303.0	435.0	0.0	176.0	1829.0	0.0	1829.0
