195540.0	169831.0	20100.0	570.0	1341.0	0.0	1513.0	2185.0	754.0	1431.0
116736.0	87777.0	24658.0	88.0	1207.0	0.0	1226.0	1780.0	78.0	1702.0
71013.0	64764.0	1546.0	1303.0	117.0	0.0	1225.0	2058.0	1016.0	1042.0
80902.0	61393.0	17372.0	326.0	746.0	0.0	457.0	608.0	0.0	608.0
103931.0	84585.0	16426.0	799.0	699.0	71.0	226.0	1125.0	309.0	816.0
103668.0	71726.0	27512.0	697.0	981.0	0.0	687.0	2065.0	114.0	1951.0
659479.0	348515.0	278125.0	2072.0	9070.0	12.0	12350.0	9335.0	533.0	8802.0
92797.0	80383.0	9387.0	341.0	862.0	46.0	562.0	1216.0	228.0	988.0
150933.0	104152.0	35703.0	61.0	4857.0	0.0	4520.0	1640.0	0.0	1640.0
88845.0	73100.0	11174.0	478.0	854.0	200.0	505.0	2534.0	122.0	2412.0
346892.0	239945.0	85494.0	2147.0	9299.0	156.0	2625.0	7226.0	468.0	6758.0
94760.0	88365.0	1485.0	1200.0	264.0	0.0	860.0	2586.0	612.0	1974.0
414079.0	249194.0	144740.0	1845.0	8198.0	46.0	1323.0	8733.0	427.0	8306.0
226659.0	87348.0	127791.0	123.0	4982.0	0.0	3535.0	2880.0	1042.0	1838.0
119787.0	98139.0	14249.0	664.0	245.0	0.0	2737.0	3753.0	0.0	3753.0
86308.0	75053.0	8272.0	163.0	739.0	0.0	1191.0	890.0	0.0	890.0
204180.0	168130.0	24119.0	247.0	3911.0	0.0	4871.0	2902.0	445.0	2457.0
200821.0	132348.0	61366.0	371.0	2915.0	0.0	1941.0	1880.0	0.0	1880.0
300950.0	197183.0	17842.0	22764.0	24675.0	6800.0	5114.0	26572.0	1570.0	25002.0
100436.0	77978.0	3911.0	6815.0	3426.0	196.0	201.0	7909.0	50.0	7859.0
95192.0	79506.0	1021.0	4621.0	1249.0	85.0	1198.0	7512.0	205.0	7307.0
71934.0	17178.0	395.0	51837.0	326.0	150.0	191.0	1857.0	27.0	1830.0
129473.0	107321.0	5157.0	1530.0	2215.0	0.0	7644.0	5606.0	915.0	4691.0
136539.0	84389.0	2577.0	35829.0	1734.0	277.0	6133.0	5600.0	563.0	5037.0
4009412.0	3202752.0	207145.0	74761.0	147957.0	8005.0	241330.0	127462.0	24432.0	103030.0
203030.0	184282.0	2612.0	4842.0	2556.0	162.0	3559.0	5017.0	515.0	4502.0
107322.0	53703.0	655.0	45631.0	570.0	430.0	2245.0	4088.0	425.0	3663.0
996554.0	775006.0	33917.0	31306.0	25044.0	1649.0	90384.0	39248.0	10981.0	28267.0
389350.0	319854.0	18157.0	19047.0	5735.0	1592.0	13494.0	11471.0	1890.0	9581.0
215133.0	198393.0	1316.0	4282.0	1576.0	0.0	5080.0	4486.0	760.0	3726.0
201201.0	153889.0	4660.0	2297.0	2275.0	0.0	33299.0	4781.0	1797.0	2984.0
237297.0	209440.0	3514.0	3578.0	9000.0	57.0	5282.0	6426.0	1088.0	5338.0
101488.0	83248.0	13251.0	535.0	1083.0	0.0	1110.0	2261.0	140.0	2121.0
119580.0	99966.0	13658.0	442.0	1105.0	0.0	2204.0	2205.0	31.0	2174.0
97173.0	81149.0	8355.0	833.0	125.0	0.0	4535.0	2176.0	0.0	2176.0
70753.0	63431.0	4014.0	88.0	354.0	0.0	857.0	2009.0	386.0	1623.0
391284.0	229381.0	138304.0	920.0	7553.0	182.0	4230.0	10714.0	345.0	10369.0
114404.0	102693.0	5625.0	120.0	780.0	0.0	1042.0	4144.0	252.0	3892.0
127342.0	106163.0	7735.0	1261.0	5706.0	49.0	1133.0	5295.0	332.0	4963.0
216410.0	165063.0	11323.0	1970.0	5510.0	292.0	26253.0	5999.0	976.0	5023.0
78483.0	72086.0	3277.0	377.0	547.0	0.0	514.0	1682.0	247.0	1435.0
1578891.0	707895.0	184055.0	9864.0	430606.0	13157.0	129396.0	103918.0	21864.0	82054.0
222090.0	185187.0	3336.0	1868.0	9970.0	321.0	7491.0	13917.0	1437.0	12480.0
1094205.0	668252.0	96772.0	5635.0	164811.0	5340.0	87437.0	65958.0	13286.0	52672.0
181737.0	158602.0	3207.0	1132.0	7658.0	254.0	5367.0	5517.0	753.0	4764.0
955272.0	590833.0	48872.0	10938.0	95291.0	1574.0	170759.0	37005.0	13768.0	23237.0
134493.0	109863.0	1452.0	6864.0	3015.0	197.0	5104.0	7998.0	1281.0	6717.0
176584.0	122140.0	4604.0	1845.0	2621.0	81.0	33895.0	11398.0	7128.0	4270.0
864124.0	646188.0	47749.0	8530.0	39322.0	992.0	94554.0	26789.0	8097.0	18692.0
150960.0	100734.0	10111.0	1726.0	5400.0	406.0	26823.0	5760.0	1316.0	4444.0
63860.0	49665.0	505.0	3036.0	1037.0	6.0	8343.0	1268.0	97.0	1171.0
10017068.0	5361540.0	830729.0	65241.0	1409186.0	25719.0	1948425.0	376228.0	106105.0	270123.0
152389.0	125984.0	5044.0	2627.0	3131.0	300.0	10872.0	4431.0	1167.0	3264.0
258365.0	205262.0	6380.0	262.0	15306.0	710.0	20236.0	10209.0	1330.0	8879.0
87192.0	70092.0	941.0	3491.0	1074.0	241.0	7738.0	3615.0	469.0	3146.0
263228.0	155090.0	8493.0	1509.0	21317.0	179.0	61310.0	15330.0	8118.0	7212.0
428826.0	333814.0	11376.0	4140.0	26772.0	2267.0	35464.0	14993.0	3027.0	11966.0
140326.0	101561.0	3074.0	1319.0	10765.0	122.0	18010.0	5475.0	1946.0	3529.0
98200.0	89699.0	355.0	743.0	1361.0	128.0	2896.0	3018.0	306.0	2712.0
3114363.0	1965346.0	53400.0	11397.0	586548.0	10909.0	376223.0	110540.0	20158.0	90382.0
367309.0	305729.0	4422.0	2395.0	23130.0	279.0	10717.0	20637.0	3113.0	17524.0
2292507.0	1475763.0	141705.0	19221.0	140883.0	6729.0	401339.0	106867.0	33069.0	73798.0
1462131.0	877383.0	145610.0	11298.0	216437.0	14750.0	97180.0	99473.0	17902.0	81571.0
2088371.0	1339391.0	186471.0	14518.0	139116.0	7648.0	307968.0	93259.0	27243.0	66016.0
3211252.0	2293611.0	162450.0	20836.0	360899.0	15267.0	207408.0	150781.0	27229.0	123552.0
837442.0	406041.0	47985.0	4079.0	280667.0	3481.0	57691.0	37498.0	6794.0	30704.0
704379.0	390591.0	48252.0	3141.0	101669.0	4070.0	97839.0	58817.0	7225.0	51592.0
276443.0	236376.0	6348.0	2313.0	10506.0	115.0	11527.0	9258.0	1862.0	7396.0
747373.0	415158.0	19611.0	1559.0	198260.0	10487.0	64835.0	37463.0	8067.0	29396.0
435697.0	279064.0	8076.0	3761.0	22980.0	615.0	103275.0	17926.0	4602.0	13324.0
1862041.0	877220.0	50469.0	9091.0	622621.0	5689.0	209648.0	87303.0	20594.0	66709.0
269419.0	217508.0	2086.0	1414.0	12556.0	40.0	23627.0	12188.0	2168.0	10020.0
178980.0	154166.0	1609.0	4378.0	5121.0	59.0	6108.0	7539.0	1072.0	6467.0
424788.0	226199.0	59988.0	2426.0	63983.0	3308.0	38854.0	30030.0	4370.0	25660.0
495025.0	379213.0	7290.0	6302.0	18448.0	1565.0	61081.0	21126.0	3307.0	17819.0
525491.0	379477.0	14527.0	2994.0	30854.0	1367.0	72582.0	23690.0	6588.0	17102.0
95350.0	69243.0	2198.0	460.0	14393.0	246.0	3446.0	5364.0	652.0	4712.0
454143.0	383003.0	8277.0	6203.0	15776.0	546.0	28893.0	11445.0	2634.0	8811.0
839620.0	664232.0	14439.0	4990.0	58231.0	986.0	60320.0	36422.0	7769.0	28653.0
204593.0	137830.0	5683.0	1495.0	27760.0	296.0	20019.0	11510.0	1583.0	9927.0
73340.0	51529.0	2625.0	1262.0	4158.0	428.0	7585.0	5753.0	1279.0	4474.0
469193.0	391348.0	14454.0	4616.0	17435.0	420.0	25310.0	15610.0	3968.0	11642.0
607070.0	440192.0	59572.0	2280.0	32987.0	1240.0	42869.0	27930.0	6196.0	21734.0
310048.0	269689.0	3382.0	2566.0	12770.0	585.0	12570.0	8486.0	876.0	7610.0
649495.0	504146.0	64113.0	5214.0	21095.0	897.0	31041.0	22989.0	2979.0	20010.0
305963.0	277783.0	2374.0	271.0	13155.0	0.0	2845.0	9535.0	450.0	9085.0
655044.0	522468.0	38082.0	3868.0	18275.0	2472.0	31384.0	38495.0	6405.0	32090.0
551798.0	500315.0	5438.0	4507.0	13971.0	579.0	10564.0	16424.0	1824.0	14600.0
315988.0	287126.0	2263.0	1635.0	5693.0	229.0	8143.0	10899.0	2026.0	8873.0
147554.0	137705.0	1536.0	1107.0	701.0	0.0	2641.0	3864.0	412.0	3452.0
161451.0	119340.0	4595.0	4800.0	1137.0	122.0	24594.0	6863.0	2508.0	4355.0
269785.0	217193.0	3155.0	2116.0	4051.0	139.0	35956.0	7175.0	3193.0	3982.0
939904.0	690752.0	104904.0	2759.0	44601.0	236.0	70423.0	26229.0	8396.0	17833.0
898272.0	649107.0	121320.0	489.0	43202.0	140.0	51908.0	32106.0	10799.0	21307.0
186924.0	173981.0	3094.0	131.0	3791.0	0.0	3937.0	1990.0	44.0	1946.0
165562.0	146545.0	8690.0	202.0	4400.0	0.0	2510.0	3215.0	574.0	2641.0
862287.0	653393.0	109998.0	1100.0	33213.0	101.0	45430.0	19052.0	6023.0	13029.0
274150.0	223921.0	16303.0	2599.0	10862.0	44.0	6444.0	13977.0	1048.0	12929.0
151377.0	135833.0	4663.0	99.0	6121.0	24.0	1435.0	3202.0	109.0	3093.0
117604.0	105149.0	2026.0	639.0	1380.0	0.0	3254.0	5156.0	254.0	4902.0
169416.0	111974.0	41668.0	1821.0	3765.0	260.0	3078.0	6850.0	379.0	6471.0
549684.0	358170.0	133494.0	1138.0	27314.0	456.0	14779.0	14333.0	2193.0	12140.0
206649.0	167462.0	25087.0	996.0	2560.0	125.0	5172.0	5247.0	326.0	4921.0
646449.0	264080.0	315504.0	1272.0	22963.0	104.0	21681.0	20845.0	3447.0	17398.0
253451.0	178618.0	49014.0	492.0	14057.0	1379.0	2297.0	7594.0	728.0	6866.0
174987.0	143717.0	19391.0	1345.0	4548.0	56.0	1413.0	4517.0	271.0	4246.0
550823.0	460191.0	57116.0	1621.0	13123.0	0.0	4961.0	13811.0	2325.0	11486.0
1838844.0	1153486.0	514140.0	3506.0	64072.0	895.0	59024.0	43721.0	10103.0	33618.0
164736.0	148883.0	9860.0	571.0	1718.0	0.0	597.0	3107.0	533.0	2574.0
139271.0	130088.0	4549.0	336.0	2336.0	0.0	315.0	1647.0	248.0	1399.0
196399.0	161310.0	19570.0	392.0	5593.0	498.0	2766.0	6270.0	989.0	5281.0
339642.0	303120.0	22772.0	979.0	4450.0	0.0	5443.0	2878.0	599.0	2279.0
67543.0	52486.0	12093.0	55.0	745.0	0.0	365.0	1799.0	64.0	1735.0
885855.0	547959.0	259865.0	2748.0	38604.0	892.0	7201.0	28586.0	5946.0	22640.0
305817.0	212087.0	66902.0	1613.0	8244.0	87.0	2932.0	13952.0	747.0	13205.0
99956.0	82129.0	9949.0	179.0	2737.0	0.0	2350.0	2612.0	181.0	2431.0
174441.0	156723.0	9355.0	356.0	1761.0	20.0	2700.0	3526.0	462.0	3064.0
97616.0	83534.0	9867.0	55.0	1495.0	0.0	1361.0	1304.0	173.0	1131.0
1291578.0	931046.0	212550.0	2855.0	49016.0	166.0	59525.0	36420.0	8298.0	28122.0
141994.0	121254.0	13691.0	735.0	1379.0	0.0	2350.0	2585.0	694.0	1891.0
308034.0	252159.0	30423.0	1384.0	5985.0	486.0	13430.0	4167.0	552.0	3615.0
661115.0	555372.0	57870.0	1143.0	9936.0	168.0	25499.0	11127.0	2027.0	9100.0
281845.0	176545.0	88777.0	899.0	8762.0	0.0	1524.0	5338.0	502.0	4836.0
342106.0	292646.0	32733.0	352.0	6135.0	88.0	5933.0	4219.0	737.0	3482.0
337362.0	278429.0	44795.0	1661.0	4629.0	64.0	1269.0	6515.0	1201.0	5314.0
151263.0	129144.0	8622.0	273.0	2039.0	0.0	7857.0	3328.0	1852.0	1476.0
2617176.0	1996766.0	481189.0	3671.0	42672.0	200.0	56633.0	36045.0	10128.0	25917.0
76351.0	66533.0	4247.0	12.0	1245.0	0.0	2490.0	1824.0	0.0	1824.0
75710.0	68553.0	4847.0	449.0	562.0	20.0	78.0	1201.0	68.0	1133.0
193811.0	153952.0	19705.0	1130.0	6538.0	41.0	7021.0	5424.0	468.0	4956.0
1225267.0	771637.0	248674.0	3633.0	64141.0	393.0	95244.0	41545.0	7423.0	34122.0
298504.0	241623.0	29933.0	304.0	7663.0	0.0	7907.0	11074.0	2943.0	8131.0
1372171.0	1022027.0	247504.0	2609.0	33323.0	152.0	32811.0	33745.0	4145.0	29600.0
475502.0	419394.0	24530.0	2026.0	10941.0	201.0	6002.0	12408.0	2646.0	9762.0
929048.0	766490.0	95079.0	2156.0	28998.0	447.0	10371.0	25507.0	2873.0	22634.0
623009.0	490345.0	93544.0	1930.0	10374.0	138.0	8700.0	17978.0	4310.0	13668.0
72577.0	56535.0	12182.0	103.0	506.0	0.0	2390.0	861.0	0.0	861.0
209647.0	188251.0	9936.0	451.0	5655.0	21.0	673.0	4660.0	530.0	4130.0
286832.0	212455.0	55861.0	67.0	5021.0	0.0	6976.0	6452.0	383.0	6069.0
161096.0	138632.0	7838.0	870.0	2962.0	602.0	1548.0	8644.0	1018.0	7626.0
390429.0	356888.0	17699.0	1301.0	6186.0	0.0	1931.0	6424.0	898.0	5526.0
436041.0	347170.0	49235.0	574.0	17555.0	620.0	6866.0	14021.0	4056.0	9965.0
107056.0	94481.0	10222.0	116.0	324.0	40.0	778.0	1095.0	225.0	870.0
500800.0	415239.0	50718.0	1208.0	8477.0	194.0	14115.0	10849.0	1334.0	9515.0
71453.0	57109.0	8169.0	1150.0	2638.0	0.0	532.0	1855.0	570.0	1285.0
154721.0	66885.0	81912.0	77.0	2357.0	51.0	734.0	2705.0	204.0	2501.0
71214.0	46507.0	20433.0	157.0	1261.0	0.0	1351.0	1505.0	574.0	931.0
112355.0	81866.0	20194.0	105.0	1703.0	0.0	5168.0	3319.0	1416.0	1903.0
278434.0	152222.0	110159.0	1230.0	6066.0	92.0	2089.0	6576.0	1680.0	4896.0
225106.0	191222.0	15163.0	335.0	3662.0	0.0	10666.0	4058.0	1152.0	2906.0
121265.0	78989.0	32088.0	78.0	5173.0	0.0	2226.0	2711.0	310.0	2401.0
264220.0	62521.0	174804.0	653.0	13752.0	181.0	7609.0	4700.0	256.0	4444.0
717190.0	442856.0	192526.0	1249.0	35866.0	429.0	27393.0	16871.0	1987.0	14884.0
135416.0	103254.0	22917.0	479.0	5983.0	0.0	887.0	1896.0	168.0	1728.0
133180.0	102205.0	23159.0	221.0	2238.0	30.0	2057.0	3270.0	256.0	3014.0
713340.0	262974.0	379477.0	1970.0	39286.0	15.0	12543.0	17075.0	1809.0	15266.0
92969.0	27020.0	62923.0	68.0	708.0	39.0	629.0	1582.0	381.0	1201.0
136379.0	69830.0	56504.0	52.0	2535.0	0.0	4546.0	2912.0	244.0	2668.0
108365.0	77860.0	20539.0	857.0	4776.0	235.0	701.0	3397.0	253.0	3144.0
95821.0	73615.0	13914.0	0.0	1408.0	0.0	5539.0	1345.0	0.0	1345.0
195405.0	165773.0	5545.0	215.0	15967.0	0.0	4001.0	3904.0	300.0	3604.0
984293.0	450074.0	431581.0	2285.0	60108.0	302.0	15197.0	24746.0	3958.0	20788.0
81508.0	55415.0	20429.0	321.0	715.0	0.0	1418.0	3210.0	744.0	2466.0
859304.0	450360.0	219178.0	2297.0	94844.0	535.0	72321.0	19769.0	4395.0	15374.0
187745.0	153910.0	13937.0	614.0	3319.0	66.0	13320.0	2579.0	370.0	2209.0
211128.0	113814.0	82657.0	293.0	6541.0	0.0	1866.0	5957.0	686.0	5271.0
147658.0	91641.0	44893.0	313.0	4592.0	0.0	3918.0	2301.0	242.0	2059.0
64135.0	30069.0	26130.0	335.0	1002.0	141.0	3506.0	2952.0	116.0	2836.0
112916.0	65347.0	40596.0	66.0	1803.0	0.0	1887.0	3217.0	403.0	2814.0
202824.0	93310.0	92316.0	398.0	4360.0	0.0	6238.0	6202.0	318.0	5884.0
102446.0	56029.0	43090.0	54.0	1300.0	0.0	119.0	1854.0	169.0	1685.0
146950.0	115342.0	24442.0	568.0	974.0	79.0	642.0	4903.0	800.0	4103.0
202003.0	80118.0	109276.0	309.0	3042.0	499.0	1882.0	6877.0	451.0	6426.0
86919.0	40084.0	43022.0	10.0	1686.0	0.0	1340.0	777.0	50.0	727.0
69053.0	41260.0	23724.0	0.0	673.0	28.0	1062.0	2306.0	131.0	2175.0
102945.0	91295.0	4327.0	782.0	1119.0	0.0	2981.0	2441.0	967.0	1474.0
190821.0	66608.0	937.0	467.0	41517.0	25931.0	1346.0	54015.0	1728.0	52287.0
983429.0	213576.0	28269.0	1343.0	418868.0	88091.0	10993.0	222289.0	10153.0	212136.0
69512.0	23962.0	338.0	37.0	24882.0	6314.0	444.0	13535.0	721.0	12814.0
160195.0	54792.0	762.0	425.0	45915.0	16902.0	1221.0	40178.0	276.0	39902.0
416464.0	379348.0	3667.0	3125.0	11809.0	1161.0	6181.0	11173.0	1209.0	9964.0
83249.0	74843.0	426.0	2463.0	1052.0	0.0	1439.0	3026.0	334.0	2692.0
107517.0	96375.0	593.0	407.0	777.0	71.0	5814.0	3480.0	1292.0	2188.0
198871.0	181803.0	1610.0	1194.0	1252.0	132.0	7326.0	5554.0	1284.0	4270.0
144265.0	135593.0	623.0	2058.0	1626.0	0.0	992.0	3373.0	230.0	3143.0
79957.0	74920.0	507.0	1010.0	1494.0	25.0	1238.0	763.0	109.0	654.0
204897.0	152350.0	24596.0	298.0	19291.0	17.0	1447.0	6898.0	468.0	6430.0
5240700.0	2998373.0	1253487.0	13834.0	349989.0	1647.0	507444.0	115926.0	29385.0	86541.0
104741.0	88697.0	6578.0	145.0	2417.0	0.0	2903.0	4001.0	876.0	3125.0
932126.0	746034.0	42520.0	1998.0	100226.0	376.0	17248.0	23724.0	3771.0	19953.0
523643.0	380844.0	29755.0	1344.0	19236.0	239.0	82869.0	9356.0	2887.0	6469.0
112120.0	90026.0	16734.0	320.0	979.0	35.0	1204.0	2822.0	284.0	2538.0
703019.0	564322.0	47754.0	1265.0	46102.0	117.0	23425.0	20034.0	2641.0	17393.0
112183.0	106072.0	2624.0	273.0	1035.0	0.0	1202.0	977.0	292.0	685.0
307409.0	283778.0	3820.0	259.0	8128.0	197.0	5100.0	6127.0	940.0	5187.0
174647.0	146645.0	13119.0	318.0	8627.0	118.0	1727.0	4093.0	461.0	3632.0
109278.0	86103.0	14287.0	341.0	1263.0	0.0	713.0	6571.0	0.0	6571.0
267225.0	237009.0	22679.0	485.0	1924.0	190.0	682.0	4256.0	952.0	3304.0
188429.0	140307.0	32729.0	216.0	6562.0	0.0	1941.0	6674.0	646.0	6028.0
147258.0	122151.0	14158.0	396.0	3288.0	128.0	3899.0	3238.0	674.0	2564.0
266955.0	174553.0	78687.0	580.0	3710.0	111.0	943.0	8371.0	810.0	7561.0
199145.0	165228.0	24125.0	37.0	3962.0	87.0	1357.0	4349.0	130.0	4219.0
136352.0	130755.0	1650.0	166.0	1224.0	0.0	613.0	1944.0	313.0	1631.0
80329.0	66841.0	10829.0	195.0	631.0	103.0	687.0	1043.0	0.0	1043.0
682829.0	507835.0	76332.0	492.0	33193.0	0.0	48526.0	16451.0	3264.0	13187.0
290666.0	227875.0	34812.0	297.0	7201.0	23.0	10603.0	9855.0	2114.0	7741.0
363014.0	287555.0	42728.0	841.0	9438.0	75.0	11015.0	11362.0	1174.0	10188.0
79587.0	68434.0	1311.0	302.0	3716.0	162.0	4155.0	1507.0	83.0	1424.0
117484.0	104619.0	7939.0	59.0	1159.0	0.0	842.0	2866.0	48.0	2818.0
200563.0	174310.0	8776.0	652.0	1484.0	192.0	6630.0	8519.0	775.0	7744.0
76244.0	69187.0	4160.0	530.0	975.0	0.0	353.0	1039.0	117.0	922.0
69126.0	61005.0	4948.0	95.0	195.0	0.0	246.0	2637.0	461.0	2176.0
296693.0	259178.0	10798.0	336.0	16604.0	0.0	4364.0	5413.0	352.0	5061.0
153879.0	136813.0	9400.0	543.0	3611.0	0.0	666.0	2846.0	224.0	2622.0
82760.0	73088.0	6201.0	441.0	1065.0	0.0	324.0	1641.0	57.0	1584.0
77963.0	72921.0	733.0	283.0	1065.0	0.0	1662.0	1299.0	258.0	1041.0
491456.0	304612.0	122711.0	1783.0	6573.0	1071.0	42931.0	11775.0	4183.0	7592.0
111281.0	93499.0	12124.0	366.0	272.0	43.0	2116.0	2861.0	380.0	2481.0
130482.0	113974.0	10148.0	198.0	161.0	304.0	2604.0	3093.0	125.0	2968.0
928281.0	574562.0	252060.0	1896.0	21980.0	0.0	53043.0	24740.0	2539.0	22201.0
141888.0	124380.0	4991.0	273.0	8435.0	127.0	695.0	2987.0	70.0	2917.0
166557.0	152990.0	6569.0	526.0	2406.0	91.0	1281.0	2694.0	425.0	2269.0
266709.0	211950.0	35076.0	957.0	5768.0	105.0	6224.0	6629.0	1015.0	5614.0
180174.0	155398.0	6274.0	203.0	13117.0	0.0	818.0	4364.0	195.0	4169.0
181398.0	156810.0	16651.0	761.0	1597.0	183.0	1219.0	4177.0	80.0	4097.0
108291.0	95011.0	6560.0	299.0	2226.0	0.0	405.0	3790.0	586.0	3204.0
67893.0	61225.0	4011.0	48.0	190.0	0.0	905.0	1514.0	0.0	1514.0
132546.0	115196.0	12791.0	132.0	2328.0	0.0	270.0	1829.0	75.0	1754.0
74641.0	68954.0	1067.0	29.0	2308.0	0.0	750.0	1533.0	345.0	1188.0
95697.0	90106.0	1484.0	0.0	1144.0	32.0	246.0	2685.0	9.0	2676.0
139155.0	119485.0	8007.0	105.0	8253.0	243.0	1397.0	1665.0	86.0	1579.0
216111.0	193262.0	11425.0	41.0	3675.0	0.0	3603.0	4105.0	693.0	3412.0
451677.0	385803.0	28492.0	850.0	17868.0	48.0	7861.0	10755.0	2166.0	8589.0
92728.0	87828.0	1125.0	266.0	209.0	0.0	1006.0	2294.0	75.0	2219.0
170385.0	146428.0	14114.0	322.0	3570.0	48.0	1884.0	4019.0	435.0	3584.0
92406.0	81549.0	1697.0	0.0	6495.0	32.0	765.0	1868.0	0.0	1868.0
102130.0	88046.0	3136.0	1586.0	2533.0	0.0	3479.0	3350.0	942.0	2408.0
65803.0	61214.0	928.0	1065.0	612.0	0.0	796.0	1188.0	75.0	1113.0
114322.0	95380.0	4617.0	2798.0	4746.0	0.0	727.0	6054.0	630.0	5424.0
566933.0	492574.0	24427.0	1726.0	25525.0	248.0	5429.0	17004.0	1983.0	15021.0
78185.0	65118.0	6425.0	606.0	1242.0	0.0	1138.0	3656.0	645.0	3011.0
75394.0	62377.0	5984.0	320.0	3630.0	12.0	44.0	3027.0	493.0	2534.0
505415.0	410378.0	47110.0	3874.0	20390.0	0.0	4717.0	18946.0	1402.0	17544.0
178831.0	149714.0	12952.0	1402.0	1873.0	305.0	3461.0	9124.0	273.0	8851.0
160384.0	99506.0	40047.0	1022.0	5280.0	65.0	9981.0	4483.0	787.0	3696.0
76854.0	73679.0	588.0	107.0	528.0	0.0	843.0	1109.0	0.0	1109.0
90988.0	85423.0	2985.0	0.0	770.0	81.0	520.0	1209.0	241.0	968.0
74167.0	53899.0	14733.0	375.0	908.0	61.0	276.0	3915.0	138.0	3777.0
98218.0	90131.0	4693.0	193.0	806.0	0.0	148.0	2247.0	434.0	1813.0
308428.0	232749.0	46201.0	933.0	11551.0	115.0	10612.0	6267.0	930.0	5337.0
108191.0	86307.0	13391.0	262.0	2110.0	26.0	1585.0	4510.0	343.0	4167.0
756832.0	555019.0	156672.0	771.0	17622.0	394.0	3662.0	22692.0	2391.0	20301.0
163145.0	148765.0	6660.0	198.0	2174.0	280.0	1330.0	3738.0	238.0	3500.0
85590.0	78393.0	4471.0	93.0	296.0	96.0	537.0	1704.0	36.0	1668.0
118370.0	97331.0	11116.0	511.0	3150.0	0.0	3850.0	2412.0	173.0	2239.0
123823.0	89697.0	26692.0	1471.0	2013.0	0.0	927.0	3023.0	311.0	2712.0
254887.0	121802.0	122031.0	1200.0	2903.0	235.0	3525.0	3191.0	912.0	2279.0
195296.0	138558.0	48263.0	232.0	2265.0	0.0	538.0	5440.0	277.0	5163.0
445227.0	216981.0	202825.0	855.0	14236.0	0.0	2960.0	7370.0	675.0	6695.0
73878.0	45973.0	23389.0	26.0	2209.0	0.0	353.0	1928.0	287.0	1641.0
434767.0	279608.0	114963.0	2010.0	18638.0	294.0	12899.0	6355.0	710.0	5645.0
230845.0	160526.0	60101.0	596.0	2843.0	0.0	1884.0	4895.0	326.0	4569.0
97141.0	76922.0	12477.0	2002.0	810.0	0.0	2020.0	2910.0	0.0	2910.0
134053.0	120908.0	8517.0	447.0	291.0	0.0	2275.0	1615.0	305.0	1310.0
378715.0	130880.0	224787.0	681.0	11508.0	69.0	4437.0	6353.0	934.0	5419.0
156220.0	93750.0	57957.0	536.0	1797.0	0.0	1141.0	1039.0	50.0	989.0
132723.0	85077.0	42925.0	742.0	2090.0	0.0	158.0	1731.0	160.0	1571.0
242333.0	203608.0	29246.0	1255.0	3254.0	0.0	1716.0	3254.0	92.0	3162.0
112749.0	81323.0	21676.0	5810.0	1260.0	0.0	243.0	2437.0	0.0	2437.0
107604.0	99738.0	1001.0	86.0	1189.0	0.0	149.0	5441.0	0.0	5441.0
70055.0	66712.0	448.0	1195.0	214.0	0.0	240.0	1246.0	63.0	1183.0
285456.0	263282.0	8148.0	606.0	6286.0	8.0	1945.0	5181.0	181.0	5000.0
121164.0	116104.0	710.0	856.0	605.0	0.0	750.0	2139.0	0.0	2139.0
153364.0	146203.0	1073.0	1886.0	1809.0	0.0	36.0	2357.0	87.0	2270.0
199431.0	191962.0	857.0	791.0	1836.0	37.0	83.0	3865.0	0.0	3865.0
73521.0	64645.0	6167.0	292.0	132.0	174.0	181.0	1930.0	0.0	1930.0
555743.0	411834.0	88734.0	764.0	20648.0	442.0	16116.0	17205.0	1288.0	15917.0
823015.0	520501.0	222866.0	2671.0	44363.0	389.0	9317.0	22908.0	2738.0	20170.0
90484.0	73492.0	12203.0	0.0	1283.0	0.0	960.0	2546.0	0.0	2546.0
167564.0	155444.0	5772.0	237.0	2157.0	0.0	137.0	3817.0	46.0	3771.0
152864.0	76012.0	64654.0	1134.0	4679.0	894.0	534.0	4957.0	147.0	4810.0
241409.0	198982.0	20650.0	559.0	10840.0	68.0	3129.0	7181.0	952.0	6229.0
249215.0	200205.0	34176.0	386.0	6847.0	0.0	1925.0	5676.0	133.0	5543.0
304580.0	184882.0	57470.0	793.0	49362.0	74.0	2964.0	9035.0	201.0	8834.0
1016677.0	564443.0	177511.0	2262.0	146136.0	157.0	82011.0	44157.0	5340.0	38817.0
890081.0	182533.0	566807.0	3467.0	38575.0	132.0	79023.0	19544.0	2386.0	17158.0
109633.0	85665.0	16660.0	542.0	3137.0	84.0	1066.0	2479.0	590.0	1889.0
149588.0	125097.0	15798.0	517.0	2535.0	89.0	465.0	5087.0	123.0	4964.0
100896.0	69497.0	24603.0	148.0	3348.0	71.0	1417.0	1812.0	12.0	1800.0
622104.0	187993.0	391451.0	2668.0	14728.0	356.0	11773.0	13135.0	1646.0	11489.0
214990.0	199074.0	5715.0	1397.0	2776.0	0.0	2577.0	3451.0	1261.0	2190.0
129585.0	119285.0	3471.0	58.0	1695.0	0.0	1089.0	3987.0	261.0	3726.0
552780.0	482043.0	17941.0	650.0	10898.0	308.0	23199.0	17741.0	3891.0	13850.0
762550.0	611371.0	32895.0	390.0	26187.0	450.0	75290.0	15967.0	3216.0	12751.0
71221.0	66893.0	706.0	122.0	1383.0	0.0	224.0	1893.0	459.0	1434.0
467319.0	364391.0	42737.0	1785.0	8608.0	392.0	38130.0	11276.0	2645.0	8631.0
159596.0	141359.0	4810.0	390.0	8369.0	26.0	1601.0	3041.0	752.0	2289.0
1552802.0	1230183.0	74663.0	2172.0	156500.0	168.0	37285.0	51831.0	6827.0	45004.0
687802.0	558232.0	43179.0	289.0	66668.0	0.0	6880.0	12554.0	1438.0	11116.0
501915.0	429467.0	45037.0	1113.0	6265.0	0.0	7831.0	12202.0	1834.0	10368.0
755503.0	414080.0	163615.0	3719.0	63030.0	0.0	69054.0	42005.0	5540.0	36465.0
809106.0	689242.0	38653.0	1643.0	35704.0	213.0	22008.0	21643.0	3905.0	17738.0
112531.0	106706.0	1314.0	507.0	659.0	0.0	587.0	2758.0	654.0	2104.0
106832.0	101303.0	1424.0	411.0	661.0	0.0	393.0	2640.0	88.0	2552.0
155252.0	121325.0	22338.0	528.0	2878.0	93.0	3276.0	4814.0	154.0	4660.0
135012.0	110781.0	15300.0	622.0	2609.0	40.0	676.0	4984.0	547.0	4437.0
76739.0	71760.0	1682.0	84.0	1107.0	0.0	558.0	1548.0	350.0	1198.0
108348.0	94782.0	7838.0	568.0	1760.0	89.0	1369.0	1942.0	123.0	1819.0
415376.0	309801.0	85506.0	1312.0	3669.0	88.0	2551.0	12449.0	1093.0	11356.0
89987.0	84981.0	765.0	1676.0	841.0	0.0	77.0	1647.0	381.0	1266.0
282234.0	215075.0	29673.0	1454.0	15089.0	70.0	4232.0	16641.0	1006.0	15635.0
70436.0	63140.0	1617.0	1514.0	1344.0	0.0	259.0	2562.0	98.0	2464.0
160369.0	140605.0	14303.0	526.0	819.0	27.0	422.0	3667.0	465.0	3202.0
256725.0	209606.0	27949.0	442.0	6298.0	0.0	1721.0	10709.0	161.0	10548.0
621700.0	510124.0	60175.0	2877.0	15353.0	49.0	11734.0	21388.0	2096.0	19292.0
88389.0	84745.0	625.0	591.0	333.0	0.0	651.0	1444.0	83.0	1361.0
99188.0	91691.0	3438.0	255.0	280.0	164.0	1116.0	2244.0	534.0	1710.0
184443.0	177796.0	913.0	278.0	1390.0	534.0	183.0	3349.0	312.0	3037.0
854769.0	712985.0	87307.0	1942.0	29293.0	301.0	2384.0	20557.0	762.0	19795.0
67700.0	63169.0	1155.0	698.0	459.0	40.0	125.0	2054.0	212.0	1842.0
83919.0	78387.0	1465.0	132.0	2012.0	95.0	771.0	1057.0	0.0	1057.0
150376.0	142498.0	3435.0	864.0	841.0	0.0	586.0	2152.0	336.0	1816.0
171008.0	138521.0	22463.0	1576.0	1097.0	0.0	600.0	6751.0	723.0	6028.0
1231640.0	940639.0	171688.0	2743.0	77665.0	85.0	6916.0	31904.0	2272.0	29632.0
272701.0	248005.0	4185.0	1104.0	8145.0	0.0	5569.0	5693.0	839.0	4854.0
196542.0	149061.0	37412.0	396.0	2217.0	0.0	3293.0	4163.0	416.0	3747.0
160469.0	150746.0	3300.0	430.0	953.0	0.0	864.0	4176.0	213.0	3963.0
75455.0	66762.0	2918.0	350.0	253.0	0.0	2386.0	2786.0	518.0	2268.0
354240.0	263185.0	43146.0	1029.0	28654.0	0.0	3267.0	14959.0	1341.0	13618.0
1775273.0	942844.0	698157.0	6320.0	52382.0	192.0	36350.0	39028.0	3181.0	35847.0
339534.0	290989.0	17485.0	2200.0	13170.0	84.0	6092.0	9514.0	794.0	8720.0
65528.0	60476.0	2220.0	129.0	1248.0	0.0	126.0	1329.0	79.0	1250.0
95562.0	89307.0	815.0	102.0	2723.0	157.0	381.0	2077.0	226.0	1851.0
408509.0	347766.0	22593.0	776.0	19616.0	101.0	7789.0	9868.0	832.0	9036.0
1198778.0	887477.0	142657.0	7110.0	80399.0	590.0	35993.0	44552.0	4169.0	40383.0
149226.0	127464.0	8076.0	144.0	8108.0	0.0	1842.0	3592.0	313.0	3279.0
526714.0	363776.0	58600.0	4875.0	68488.0	58.0	9559.0	21358.0	1470.0	19888.0
65049.0	58610.0	742.0	682.0	1517.0	0.0	1133.0	2365.0	89.0	2276.0
200540.0	186111.0	3336.0	3860.0	2205.0	19.0	299.0	4710.0	110.0	4600.0
137232.0	117410.0	3524.0	1183.0	7805.0	0.0	3216.0	4094.0	301.0	3793.0
90158.0	84801.0	2208.0	199.0	849.0	29.0	567.0	1505.0	204.0	1301.0
152092.0	138374.0	4517.0	695.0	3087.0	128.0	2210.0	3081.0	37.0	3044.0
246603.0	214911.0	8670.0	833.0	11949.0	189.0	2392.0	7659.0	294.0	7365.0
128470.0	121377.0	1857.0	639.0	1802.0	10.0	1409.0	1376.0	548.0	828.0
168240.0	121311.0	41087.0	69.0	2439.0	0.0	1067.0	2267.0	745.0	1522.0
77059.0	45947.0	28120.0	729.0	893.0	29.0	831.0	510.0	136.0	374.0
196500.0	135045.0	46507.0	584.0	6187.0	0.0	3625.0	4552.0	435.0	4117.0
244899.0	66615.0	173497.0	208.0	2141.0	119.0	1038.0	1281.0	104.0	1177.0
140450.0	102740.0	31461.0	521.0	3348.0	0.0	860.0	1520.0	50.0	1470.0
100412.0	56443.0	38581.0	116.0	2244.0	0.0	2182.0	846.0	151.0	695.0
146767.0	112952.0	28570.0	240.0	1634.0	0.0	1526.0	1845.0	28.0	1817.0
170773.0	141884.0	11325.0	566.0	7182.0	423.0	546.0	8847.0	312.0	8535.0
77320.0	68620.0	6990.0	0.0	470.0	0.0	392.0	848.0	0.0	848.0
100641.0	93289.0	3727.0	221.0	962.0	0.0	252.0	2190.0	117.0	2073.0
230473.0	199673.0	12657.0	1033.0	4709.0	219.0	4619.0	7563.0	824.0	6739.0
76699.0	63917.0	8087.0	359.0	1006.0	149.0	1392.0	1789.0	0.0	1789.0
101816.0	98119.0	1378.0	139.0	592.0	0.0	744.0	844.0	0.0	844.0
283870.0	256811.0	8522.0	1427.0	4867.0	177.0	2972.0	9094.0	1210.0	7884.0
679996.0	454062.0	161287.0	3219.0	11267.0	1913.0	27655.0	20593.0	3519.0	17074.0
116398.0	105136.0	3018.0	1064.0	1421.0	373.0	2071.0	3315.0	113.0	3202.0
221396.0	213690.0	2479.0	59.0	1685.0	0.0	391.0	3092.0	90.0	3002.0
93310.0	79756.0	7001.0	316.0	2164.0	0.0	1690.0	2383.0	213.0	2170.0
373495.0	338961.0	16036.0	979.0	8324.0	301.0	979.0	7915.0	553.0	7362.0
1001444.0	699482.0	231256.0	1512.0	36569.0	77.0	6164.0	26384.0	1404.0	24980.0
318416.0	147036.0	152570.0	830.0	9272.0	90.0	1526.0	7092.0	697.0	6395.0
82384.0	72705.0	1320.0	3548.0	951.0	9.0	936.0	2915.0	276.0	2639.0
94720.0	90116.0	88.0	1677.0	1117.0	61.0	192.0	1469.0	0.0	1469.0
65338.0	60814.0	30.0	2387.0	676.0	47.0	147.0	1237.0	383.0	854.0
111807.0	102733.0	179.0	3068.0	1289.0	0.0	482.0	4056.0	552.0	3504.0
154162.0	139174.0	779.0	7160.0	1168.0	290.0	1440.0	4151.0	0.0	4151.0
537256.0	432636.0	58874.0	1682.0	15608.0	371.0	12082.0	16003.0	1246.0	14757.0
297036.0	255784.0	12465.0	2132.0	11471.0	63.0	6651.0	8470.0	3013.0	5457.0
169331.0	148881.0	6782.0	473.0	3799.0	0.0	3956.0	5440.0	502.0	4938.0
2027868.0	1270968.0	218231.0	10832.0	187873.0	14559.0	234426.0	90979.0	15467.0	75512.0
433731.0	353238.0	10191.0	6898.0	23136.0	2414.0	20401.0	17453.0	1295.0	16158.0
76610.0	73205.0	547.0	242.0	923.0	52.0	515.0	1126.0	0.0	1126.0
89629.0	83621.0	693.0	611.0	2809.0	0.0	139.0	1756.0	199.0	1557.0
403985.0	362991.0	9746.0	302.0	14815.0	0.0	6517.0	9614.0	513.0	9101.0
146849.0	139190.0	1806.0	292.0	2426.0	0.0	829.0	2306.0	6.0	2300.0
299134.0	284608.0	1792.0	777.0	5925.0	0.0	1903.0	4129.0	108.0	4021.0
124593.0	116539.0	903.0	198.0	2679.0	0.0	524.0	3750.0	158.0	3592.0
275862.0	189499.0	41824.0	394.0	22338.0	0.0	12457.0	9350.0	1832.0	7518.0
925328.0	644346.0	55272.0	1965.0	145945.0	157.0	60846.0	16797.0	3289.0	13508.0
450838.0	331791.0	73046.0	245.0	21149.0	81.0	10316.0	14210.0	1772.0	12438.0
512854.0	323360.0	103744.0	498.0	28429.0	0.0	40206.0	16617.0	4237.0	12380.0
95897.0	86724.0	4286.0	66.0	1082.0	262.0	1837.0	1640.0	67.0	1573.0
157332.0	95857.0	33594.0	964.0	1685.0	0.0	19820.0	5412.0	1463.0	3949.0
789565.0	325281.0	320462.0	2073.0	39125.0	43.0	80315.0	22266.0	6371.0	15895.0
290265.0	238345.0	29937.0	153.0	8622.0	0.0	6753.0	6455.0	1419.0	5036.0
660282.0	370972.0	83288.0	2433.0	96580.0	59.0	84369.0	22581.0	8229.0	14352.0
126250.0	115089.0	4774.0	16.0	3748.0	0.0	1110.0	1513.0	241.0	1272.0
370414.0	224234.0	73549.0	273.0	37582.0	61.0	27324.0	7391.0	1637.0	5754.0
828919.0	502667.0	81874.0	1154.0	189890.0	99.0	34526.0	18709.0	5131.0	13578.0
629672.0	517530.0	47869.0	608.0	34063.0	156.0	18085.0	11361.0	1364.0	9997.0
499397.0	407979.0	14940.0	201.0	47216.0	0.0	17370.0	11691.0	1275.0	10416.0
583414.0	535641.0	17714.0	616.0	11457.0	0.0	10703.0	7283.0	1064.0	6219.0
505672.0	332306.0	67863.0	2526.0	27416.0	126.0	54506.0	20929.0	2952.0	17977.0
65166.0	53165.0	9367.0	37.0	384.0	0.0	835.0	1378.0	81.0	1297.0
330585.0	227333.0	28834.0	561.0	52662.0	0.0	14043.0	7152.0	767.0	6385.0
145992.0	136474.0	2654.0	41.0	2971.0	59.0	1737.0	2056.0	141.0	1915.0
548256.0	312983.0	116483.0	1585.0	26571.0	530.0	78873.0	11231.0	3196.0	8035.0
107379.0	96899.0	4462.0	13.0	2964.0	0.0	1725.0	1316.0	0.0	1316.0
674221.0	524449.0	21563.0	27343.0	16878.0	642.0	58799.0	24547.0	5662.0	18885.0
65823.0	48429.0	1403.0	841.0	663.0	25.0	12521.0	1941.0	910.0	1031.0
213460.0	191537.0	3573.0	2630.0	1464.0	45.0	8217.0	5994.0	1995.0	3999.0
68062.0	60423.0	1595.0	418.0	112.0	0.0	3108.0	2406.0	517.0	1889.0
73308.0	12651.0	184.0	54768.0	779.0	82.0	2077.0	2767.0	956.0	1811.0
65616.0	50993.0	2023.0	4359.0	829.0	70.0	5016.0	2326.0	878.0	1448.0
136575.0	95172.0	2336.0	17128.0	2062.0	44.0	12521.0	7312.0	2294.0	5018.0
126503.0	66915.0	292.0	47755.0	415.0	97.0	6199.0	4830.0	1027.0	3803.0
147423.0	119458.0	650.0	6065.0	1596.0	370.0	15310.0	3974.0	1429.0	2545.0
76284.0	61866.0	189.0	3716.0	463.0	0.0	7619.0	2431.0	477.0	1954.0
306945.0	238648.0	37901.0	356.0	17585.0	437.0	3347.0	8671.0	688.0	7983.0
1418733.0	292594.0	469633.0	7778.0	51881.0	1437.0	542324.0	53086.0	25072.0	28014.0
197534.0	171523.0	10777.0	851.0	7537.0	0.0	2522.0	4324.0	351.0	3973.0
78892.0	72851.0	1334.0	2303.0	694.0	0.0	245.0	1465.0	172.0	1293.0
79477.0	73557.0	3413.0	226.0	471.0	0.0	481.0	1329.0	120.0	1209.0
133080.0	124100.0	3864.0	532.0	905.0	0.0	1550.0	2129.0	173.0	1956.0
88506.0	78686.0	5498.0	495.0	1045.0	0.0	300.0	2482.0	30.0	2452.0
81591.0	74881.0	2901.0	215.0	1268.0	0.0	1117.0	1209.0	0.0	1209.0
296916.0	237069.0	30947.0	686.0	10569.0	0.0	7863.0	9782.0	1432.0	8350.0
919866.0	722473.0	122738.0	3933.0	27114.0	240.0	22214.0	21154.0	3959.0	17195.0
119504.0	102449.0	5401.0	862.0	989.0	989.0	1828.0	6986.0	274.0	6712.0
2592149.0	1115644.0	884730.0	9017.0	294566.0	816.0	227602.0	59774.0	14880.0	44894.0
64705.0	60389.0	1558.0	0.0	856.0	12.0	509.0	1381.0	73.0	1308.0
72382.0	68399.0	1926.0	239.0	791.0	0.0	135.0	892.0	13.0	879.0
749606.0	564582.0	117420.0	3019.0	26770.0	398.0	18828.0	18589.0	3197.0	15392.0
1352146.0	941678.0	152023.0	4095.0	114533.0	296.0	81654.0	57867.0	24772.0	33095.0
1626159.0	920010.0	245533.0	5412.0	186628.0	2405.0	204240.0	61931.0	11392.0	50539.0
214249.0	188929.0	15831.0	2235.0	2272.0	187.0	805.0	3990.0	804.0	3186.0
233585.0	201267.0	15339.0	381.0	7789.0	0.0	3081.0	5728.0	304.0	5424.0
468387.0	376585.0	51355.0	3328.0	16490.0	36.0	5500.0	15093.0	2175.0	12918.0
109103.0	101773.0	2234.0	387.0	1170.0	312.0	1453.0	1774.0	176.0	1598.0
375592.0	278181.0	37865.0	201.0	9589.0	179.0	34270.0	15307.0	5158.0	10149.0
121165.0	115665.0	1213.0	290.0	955.0	0.0	1339.0	1703.0	262.0	1441.0
99645.0	90793.0	2331.0	460.0	2591.0	0.0	2023.0	1447.0	152.0	1295.0
2296175.0	973874.0	421205.0	6072.0	562285.0	1250.0	256749.0	74740.0	25193.0	49547.0
159918.0	139003.0	9468.0	100.0	3415.0	0.0	1213.0	6719.0	142.0	6577.0
472621.0	357510.0	49300.0	2101.0	37682.0	0.0	18318.0	7710.0	2304.0	5406.0
320903.0	228170.0	41154.0	760.0	20202.0	0.0	23824.0	6793.0	1591.0	5202.0
111963.0	104453.0	2864.0	801.0	1200.0	55.0	835.0	1755.0	324.0	1431.0
223865.0	210221.0	4103.0	815.0	4994.0	151.0	534.0	3047.0	113.0	2934.0
155333.0	122286.0	17179.0	542.0	6358.0	0.0	4794.0	4174.0	1105.0	3069.0
98650.0	93493.0	1495.0	130.0	1504.0	0.0	325.0	1703.0	82.0	1621.0
1499738.0	1205770.0	117185.0	4741.0	56175.0	448.0	77281.0	38138.0	13255.0	24883.0
76665.0	65027.0	7353.0	305.0	1421.0	0.0	1545.0	1014.0	81.0	933.0
103617.0	84165.0	4381.0	172.0	10781.0	16.0	957.0	3145.0	344.0	2801.0
180998.0	157566.0	9396.0	40.0	3330.0	0.0	2337.0	8329.0	515.0	7814.0
92473.0	85549.0	2861.0	313.0	608.0	0.0	1095.0	2047.0	560.0	1487.0
968802.0	637080.0	138762.0	3053.0	53107.0	0.0	111467.0	25333.0	8330.0	17003.0
154378.0	106532.0	29014.0	1458.0	2359.0	40.0	11853.0	3122.0	769.0	2353.0
115301.0	96797.0	11860.0	452.0	958.0	1193.0	2023.0	2018.0	186.0	1832.0
247912.0	220965.0	15281.0	803.0	2493.0	66.0	947.0	7357.0	1360.0	5997.0
89842.0	75423.0	4914.0	292.0	3329.0	0.0	3672.0	2212.0	0.0	2212.0
187226.0	142341.0	29640.0	430.0	4590.0	44.0	5755.0	4426.0	772.0	3654.0
68434.0	60118.0	4087.0	105.0	914.0	97.0	1464.0	1649.0	83.0	1566.0
154810.0	123930.0	12229.0	780.0	5889.0	0.0	7561.0	4421.0	453.0	3968.0
66817.0	53433.0	8838.0	289.0	828.0	0.0	1829.0	1600.0	0.0	1600.0
97047.0	72801.0	20491.0	0.0	725.0	0.0	1143.0	1887.0	0.0	1887.0
104489.0	74206.0	22551.0	292.0	2300.0	0.0	2351.0	2789.0	211.0	2578.0
325871.0	169168.0	119690.0	4024.0	7724.0	401.0	6039.0	18825.0	1398.0	17427.0
163420.0	142118.0	15491.0	861.0	2266.0	96.0	1296.0	1292.0	386.0	906.0
288133.0	146982.0	108783.0	550.0	12594.0	0.0	8813.0	10411.0	3256.0	7155.0
361220.0	240422.0	92888.0	1248.0	7045.0	884.0	12765.0	5968.0	577.0	5391.0
209420.0	158779.0	31467.0	890.0	2688.0	62.0	9434.0	6100.0	1377.0	4723.0
506610.0	284657.0	171505.0	3307.0	22430.0	543.0	14345.0	9823.0	1513.0	8310.0
124987.0	84675.0	27057.0	1108.0	1373.0	0.0	7497.0	3277.0	404.0	2873.0
109540.0	99627.0	3511.0	210.0	479.0	0.0	2729.0	2984.0	322.0	2662.0
164517.0	133365.0	20416.0	853.0	3657.0	0.0	4846.0	1380.0	86.0	1294.0
177967.0	136973.0	27943.0	1171.0	1291.0	167.0	7407.0	3015.0	1185.0	1830.0
79740.0	70921.0	4744.0	109.0	246.0	0.0	1741.0	1979.0	0.0	1979.0
990977.0	549035.0	311468.0	3333.0	48208.0	73.0	53175.0	25685.0	3078.0	22607.0
91587.0	76101.0	10812.0	658.0	675.0	0.0	517.0	2824.0	0.0	2824.0
95093.0	51523.0	36182.0	663.0	878.0	0.0	4147.0	1700.0	208.0	1492.0
213267.0	171956.0	30930.0	1052.0	3158.0	206.0	3079.0	2886.0	238.0	2648.0
185220.0	139086.0	30075.0	632.0	3950.0	750.0	3476.0	7251.0	916.0	6335.0
140352.0	105229.0	16433.0	431.0	10149.0	66.0	3646.0	4398.0	813.0	3585.0
174263.0	102436.0	59315.0	539.0	3211.0	53.0	5464.0	3245.0	154.0	3091.0
142577.0	127316.0	8788.0	365.0	1653.0	0.0	2497.0	1958.0	218.0	1740.0
134841.0	40766.0	32589.0	51313.0	1027.0	4.0	5699.0	3443.0	243.0	3200.0
91878.0	69528.0	16661.0	474.0	376.0	0.0	2283.0	2556.0	464.0	2092.0
138323.0	107903.0	22711.0	461.0	1519.0	0.0	4253.0	1476.0	38.0	1438.0
66956.0	57251.0	7079.0	123.0	118.0	0.0	1449.0	936.0	45.0	891.0
73050.0	67447.0	2956.0	325.0	366.0	95.0	798.0	1063.0	237.0	826.0
212756.0	171655.0	26207.0	576.0	4374.0	37.0	7504.0	2403.0	512.0	1891.0
974289.0	662264.0	200149.0	2999.0	58753.0	571.0	28135.0	21418.0	2388.0	19030.0
124583.0	70896.0	38133.0	131.0	856.0	0.0	8932.0	5635.0	657.0	4978.0
69023.0	62542.0	2375.0	125.0	170.0	0.0	2028.0	1783.0	402.0	1381.0
81667.0	40931.0	31997.0	234.0	507.0	0.0	6215.0	1783.0	598.0	1185.0
88457.0	81597.0	720.0	3662.0	653.0	0.0	310.0	1515.0	142.0	1373.0
162829.0	148391.0	4729.0	1643.0	4218.0	28.0	410.0	3410.0	233.0	3177.0
69179.0	61563.0	1322.0	2091.0	1654.0	111.0	407.0	2031.0	396.0	1635.0
67990.0	60643.0	2004.0	1453.0	896.0	184.0	797.0	2013.0	57.0	1956.0
105298.0	87735.0	12079.0	402.0	960.0	0.0	503.0	3619.0	185.0	3434.0
371272.0	321871.0	26515.0	97.0	8749.0	80.0	3349.0	10611.0	118.0	10493.0
136167.0	117765.0	12736.0	243.0	799.0	32.0	1099.0	3493.0	0.0	3493.0
200218.0	191809.0	2499.0	254.0	1884.0	0.0	326.0	3446.0	389.0	3057.0
105893.0	101138.0	1572.0	219.0	435.0	0.0	1076.0	1453.0	0.0	1453.0
1263154.0	804759.0	371323.0	3161.0	35216.0	323.0	15194.0	33178.0	2768.0	30410.0
184979.0	164622.0	6882.0	200.0	8406.0	0.0	1242.0	3627.0	354.0	3273.0
76048.0	66107.0	5672.0	246.0	124.0	52.0	512.0	3335.0	156.0	3179.0
148867.0	133624.0	10747.0	231.0	1890.0	0.0	95.0	2280.0	163.0	2117.0
1212263.0	837173.0	256694.0	1792.0	51191.0	349.0	20919.0	44145.0	2711.0	41434.0
163204.0	140839.0	12391.0	16.0	4777.0	66.0	379.0	4736.0	714.0	4022.0
804520.0	555148.0	204060.0	1492.0	18402.0	519.0	5291.0	19608.0	1164.0	18444.0
75773.0	70838.0	599.0	0.0	1032.0	0.0	1270.0	2034.0	0.0	2034.0
67964.0	62039.0	4344.0	126.0	405.0	35.0	29.0	986.0	70.0	916.0
229857.0	212379.0	8834.0	140.0	2356.0	0.0	558.0	5590.0	67.0	5523.0
168375.0	156737.0	5298.0	407.0	1805.0	0.0	152.0	3976.0	47.0	3929.0
302827.0	260238.0	24357.0	539.0	2891.0	130.0	3410.0	11262.0	660.0	10602.0
436393.0	316178.0	84528.0	1344.0	7610.0	117.0	10490.0	16126.0	4208.0	11918.0
233869.0	187168.0	34504.0	709.0	1956.0	0.0	2869.0	6663.0	220.0	6443.0
65905.0	59276.0	3205.0	199.0	194.0	0.0	821.0	2210.0	87.0	2123.0
174915.0	167665.0	3196.0	203.0	2021.0	0.0	373.0	1457.0	333.0	1124.0
535846.0	395691.0	109846.0	887.0	9533.0	270.0	3983.0	15636.0	1114.0	14522.0
85231.0	78670.0	2749.0	304.0	458.0	84.0	178.0	2788.0	10.0	2778.0
163862.0	150550.0	6989.0	40.0	3026.0	0.0	110.0	3147.0	0.0	3147.0
121773.0	106186.0	9809.0	58.0	902.0	119.0	683.0	4016.0	338.0	3678.0
78153.0	74299.0	2189.0	230.0	786.0	0.0	76.0	573.0	0.0	573.0
375432.0	332438.0	26387.0	388.0	2889.0	0.0	1210.0	12120.0	495.0	11625.0
541824.0	432774.0	78154.0	1192.0	13119.0	146.0	2640.0	13799.0	479.0	13320.0
206442.0	183043.0	18331.0	38.0	1332.0	0.0	757.0	2941.0	232.0	2709.0
219169.0	197295.0	7860.0	73.0	10441.0	97.0	410.0	2993.0	165.0	2828.0
115071.0	110497.0	2159.0	0.0	1039.0	0.0	100.0	1276.0	50.0	1226.0
129264.0	120014.0	3924.0	294.0	2254.0	0.0	803.0	1975.0	80.0	1895.0
126123.0	103185.0	2755.0	5762.0	3854.0	13.0	4116.0	6438.0	413.0	6025.0
269340.0	213968.0	12796.0	10889.0	12601.0	358.0	2573.0	16155.0	1357.0	14798.0
124937.0	80458.0	21333.0	6913.0	2315.0	689.0	3220.0	10009.0	1048.0	8961.0
70470.0	56379.0	1740.0	8700.0	383.0	0.0	664.0	2604.0	74.0	2530.0
70303.0	42628.0	7955.0	12114.0	506.0	0.0	1572.0	5528.0	39.0	5489.0
755245.0	521600.0	111862.0	24741.0	23354.0	483.0	25446.0	47759.0	2171.0	45588.0
79066.0	64314.0	3289.0	4429.0	3067.0	0.0	327.0	3640.0	32.0	3608.0
71158.0	53954.0	1947.0	9605.0	449.0	17.0	830.0	4356.0	0.0	4356.0
89044.0	66739.0	1067.0	9026.0	621.0	12.0	1535.0	10044.0	77.0	9967.0
622409.0	444337.0	60791.0	26927.0	15744.0	345.0	20414.0	53851.0	3367.0	50484.0
75700.0	57523.0	2765.0	7250.0	87.0	0.0	758.0	7317.0	312.0	7005.0
86591.0	76162.0	1061.0	549.0	4771.0	199.0	1195.0	2654.0	0.0	2654.0
388263.0	348470.0	4080.0	2016.0	15680.0	865.0	4812.0	12340.0	1098.0	11242.0
165954.0	155768.0	456.0	1149.0	2346.0	587.0	2429.0	3219.0	474.0	2745.0
106940.0	98181.0	163.0	1432.0	903.0	10.0	1233.0	5018.0	420.0	4598.0
208545.0	190667.0	1837.0	804.0	1833.0	61.0	3876.0	9467.0	774.0	8693.0
83306.0	78133.0	199.0	1202.0	249.0	10.0	485.0	3028.0	229.0	2799.0
65910.0	57709.0	330.0	1549.0	599.0	231.0	1870.0	3622.0	510.0	3112.0
356212.0	312281.0	3903.0	3854.0	8772.0	1185.0	10884.0	15333.0	1738.0	13595.0
118765.0	110936.0	281.0	1481.0	1847.0	222.0	762.0	3236.0	336.0	2900.0
323614.0	275091.0	2509.0	2669.0	6334.0	1241.0	19902.0	15868.0	2607.0	13261.0
766135.0	596984.0	42214.0	6674.0	51093.0	4220.0	23545.0	41405.0	4176.0	37229.0
76794.0	69088.0	192.0	1167.0	1480.0	31.0	1166.0	3670.0	0.0	3670.0
76720.0	65602.0	326.0	2091.0	511.0	49.0	3911.0	4230.0	376.0	3854.0
554996.0	445244.0	10814.0	3578.0	50132.0	2801.0	18459.0	23968.0	1730.0	22238.0
100725.0	87865.0	1456.0	1532.0	704.0	211.0	4927.0	4030.0	399.0	3631.0
101546.0	93557.0	1634.0	167.0	773.0	0.0	3816.0	1599.0	523.0	1076.0
1231527.0	999483.0	160704.0	1573.0	39464.0	69.0	3851.0	26383.0	844.0	25539.0
170115.0	155039.0	9602.0	40.0	893.0	0.0	528.0	4013.0	62.0	3951.0
413521.0	342426.0	18267.0	3120.0	5760.0	417.0	26502.0	17029.0	4036.0	12993.0
626976.0	558137.0	23244.0	1320.0	25845.0	110.0	5981.0	12339.0	2436.0	9903.0
185476.0	178509.0	2131.0	337.0	2107.0	116.0	277.0	1999.0	157.0	1842.0
140499.0	131551.0	5067.0	30.0	762.0	0.0	22.0	3067.0	107.0	2960.0
64786.0	62093.0	1149.0	0.0	190.0	0.0	532.0	822.0	20.0	802.0
155403.0	138848.0	4841.0	392.0	8068.0	259.0	335.0	2660.0	618.0	2042.0
509468.0	442682.0	29543.0	776.0	21954.0	0.0	3385.0	11128.0	2217.0	8911.0
81174.0	77409.0	1977.0	71.0	585.0	0.0	423.0	709.0	173.0	536.0
87376.0	83856.0	1655.0	37.0	376.0	0.0	169.0	1283.0	126.0	1157.0
241212.0	217130.0	8041.0	176.0	8834.0	0.0	1880.0	5151.0	956.0	4195.0
270937.0	194691.0	50156.0	559.0	9146.0	108.0	8477.0	7800.0	548.0	7252.0
561973.0	397293.0	116667.0	630.0	28372.0	46.0	7805.0	11160.0	643.0	10517.0
280294.0	246992.0	19822.0	900.0	4063.0	58.0	2410.0	6049.0	679.0	5370.0
152085.0	141912.0	6274.0	0.0	1346.0	93.0	1040.0	1420.0	80.0	1340.0
87745.0	83133.0	1894.0	69.0	1049.0	0.0	238.0	1362.0	0.0	1362.0
213931.0	199502.0	5708.0	277.0	4899.0	0.0	680.0	2865.0	305.0	2560.0
529600.0	467534.0	23593.0	1105.0	10419.0	0.0	18029.0	8920.0	1296.0	7624.0
135486.0	118941.0	2765.0	68.0	1692.0	0.0	8710.0	3310.0	1151.0	2159.0
355092.0	278577.0	24075.0	648.0	12092.0	0.0	31649.0	8051.0	1318.0	6733.0
320103.0	287688.0	10947.0	831.0	2779.0	0.0	10621.0	7237.0	1792.0	5445.0
116754.0	107718.0	6192.0	167.0	519.0	15.0	489.0	1654.0	79.0	1575.0
115195.0	105171.0	7057.0	82.0	883.0	0.0	756.0	1246.0	88.0	1158.0
167148.0	129382.0	23272.0	686.0	3393.0	0.0	4802.0	5613.0	815.0	4798.0
812376.0	658855.0	72668.0	490.0	55548.0	67.0	7520.0	17228.0	1845.0	15383.0
299791.0	255929.0	15802.0	1685.0	7859.0	98.0	10237.0	8181.0	1477.0	6704.0
94076.0	89837.0	2286.0	353.0	291.0	0.0	471.0	838.0	37.0	801.0
1553165.0	646435.0	670482.0	3322.0	106286.0	375.0	88241.0	38024.0	6286.0	31738.0
146920.0	138620.0	3861.0	194.0	683.0	71.0	1380.0	2111.0	110.0	2001.0
76520.0	73228.0	2105.0	38.0	161.0	0.0	274.0	714.0	52.0	662.0
208206.0	195736.0	6495.0	0.0	1898.0	0.0	535.0	3542.0	136.0	3406.0
362437.0	343870.0	8363.0	617.0	3109.0	117.0	822.0	5539.0	303.0	5236.0
438965.0	391637.0	24926.0	389.0	6066.0	0.0	5251.0	10696.0	1232.0	9464.0
165035.0	153147.0	2055.0	97.0	4831.0	67.0	2496.0	2342.0	180.0	2162.0
82397.0	72480.0	2752.0	408.0	1362.0	0.0	2474.0	2921.0	310.0	2611.0
628600.0	456054.0	61345.0	2876.0	23256.0	330.0	66751.0	17988.0	3767.0	14221.0
126259.0	117563.0	1278.0	707.0	2494.0	47.0	1266.0	2904.0	311.0	2593.0
164176.0	116350.0	41203.0	0.0	1469.0	11.0	1017.0	4126.0	279.0	3847.0
190641.0	151389.0	31660.0	657.0	1280.0	239.0	2659.0	2757.0	141.0	2616.0
171838.0	124254.0	32606.0	687.0	1605.0	75.0	9021.0	3590.0	279.0	3311.0
194020.0	129616.0	48649.0	89.0	4822.0	0.0	5043.0	5801.0	868.0	4933.0
372803.0	250331.0	106309.0	746.0	4750.0	129.0	2344.0	8194.0	759.0	7435.0
145397.0	97788.0	38591.0	581.0	2709.0	89.0	2767.0	2872.0	247.0	2625.0
138326.0	76278.0	57828.0	231.0	1626.0	0.0	374.0	1989.0	0.0	1989.0
474266.0	364588.0	86586.0	1609.0	9814.0	364.0	4878.0	6427.0	661.0	5766.0
69723.0	44420.0	21238.0	55.0	562.0	0.0	1638.0	1810.0	0.0	1810.0
289650.0	237838.0	39555.0	1321.0	3271.0	441.0	2391.0	4833.0	220.0	4613.0
66229.0	46028.0	16874.0	42.0	199.0	0.0	2080.0	1006.0	0.0	1006.0
273752.0	219710.0	40034.0	993.0	3820.0	55.0	3818.0	5322.0	537.0	4785.0
75045.0	66460.0	6426.0	0.0	492.0	0.0	732.0	935.0	382.0	553.0
90942.0	30573.0	57565.0	318.0	265.0	63.0	1517.0	641.0	9.0	632.0
119829.0	106779.0	8362.0	0.0	1770.0	261.0	1086.0	1571.0	110.0	1461.0
399256.0	184777.0	184976.0	444.0	10801.0	177.0	7472.0	10609.0	2915.0	7694.0
290969.0	211246.0	60707.0	449.0	6892.0	0.0	6816.0	4859.0	478.0	4381.0
108123.0	52765.0	49640.0	68.0	1289.0	0.0	454.0	3907.0	1174.0	2733.0
239363.0	182212.0	45301.0	1439.0	4393.0	129.0	1133.0	4756.0	175.0	4581.0
179640.0	156148.0	6803.0	4964.0	2822.0	338.0	3349.0	5216.0	735.0	4481.0
105761.0	87333.0	1527.0	9664.0	930.0	0.0	529.0	5778.0	214.0	5564.0
75542.0	69029.0	3573.0	41.0	684.0	0.0	567.0	1648.0	244.0	1404.0
125099.0	117833.0	3874.0	563.0	120.0	0.0	127.0	2582.0	42.0	2540.0
101848.0	94008.0	5647.0	0.0	1065.0	0.0	401.0	727.0	65.0	662.0
658602.0	410409.0	181109.0	2304.0	21475.0	350.0	28316.0	14639.0	1698.0	12941.0
348673.0	263402.0	69195.0	384.0	7076.0	412.0	2793.0	5411.0	272.0	5139.0
444622.0	380698.0	40589.0	1377.0	8813.0	293.0	2227.0	10625.0	1525.0	9100.0
83761.0	69084.0	10203.0	630.0	402.0	0.0	2275.0	1167.0	0.0	1167.0
184119.0	131490.0	33894.0	953.0	3746.0	87.0	4609.0	9340.0	363.0	8977.0
73525.0	69551.0	2171.0	0.0	717.0	85.0	83.0	918.0	200.0	718.0
67383.0	59100.0	5652.0	0.0	346.0	0.0	1219.0	1066.0	543.0	523.0
281029.0	226161.0	38670.0	576.0	8307.0	40.0	1395.0	5880.0	249.0	5631.0
939465.0	378390.0	496713.0	1319.0	22867.0	414.0	25305.0	14457.0	1966.0	12491.0
156595.0	148225.0	3979.0	4.0	1044.0	75.0	1343.0	1925.0	19.0	1906.0
168888.0	151073.0	11908.0	441.0	2318.0	0.0	1340.0	1808.0	39.0	1769.0
125546.0	114949.0	4707.0	412.0	1964.0	0.0	880.0	2634.0	778.0	1856.0
198901.0	178408.0	8082.0	305.0	6623.0	42.0	1337.0	4104.0	685.0	3419.0
121945.0	108954.0	8382.0	83.0	1828.0	340.0	1067.0	1291.0	42.0	1249.0
87441.0	65555.0	13342.0	71.0	845.0	0.0	5758.0	1870.0	157.0	1713.0
326843.0	212179.0	72172.0	2504.0	8990.0	2215.0	14526.0	14257.0	1026.0	13231.0
1817610.0	1434007.0	133280.0	10487.0	47071.0	2532.0	135023.0	55210.0	13172.0	42038.0
93487.0	66496.0	23487.0	692.0	502.0	0.0	943.0	1367.0	45.0	1322.0
330242.0	241060.0	43754.0	1571.0	20117.0	0.0	19545.0	4195.0	581.0	3614.0
203164.0	147361.0	19666.0	722.0	11681.0	151.0	16274.0	7309.0	782.0	6527.0
417276.0	388956.0	945.0	1150.0	3778.0	39.0	18805.0	3603.0	1759.0	1844.0
854778.0	632032.0	78229.0	3288.0	102111.0	504.0	12972.0	25642.0	4754.0	20888.0
118480.0	110094.0	3219.0	194.0	79.0	0.0	1959.0	2935.0	716.0	2219.0
76192.0	56518.0	12297.0	166.0	1041.0	641.0	616.0	4913.0	142.0	4771.0
2480331.0	1461458.0	550179.0	7024.0	138857.0	1208.0	257714.0	63891.0	15072.0	48819.0
728799.0	567909.0	63524.0	2627.0	51784.0	573.0	17347.0	25035.0	5444.0	19591.0
149378.0	127043.0	6142.0	1156.0	1399.0	0.0	9729.0	3909.0	614.0	3295.0
155976.0	127123.0	14367.0	2338.0	1168.0	165.0	8198.0	2617.0	394.0	2223.0
827718.0	694374.0	28682.0	5776.0	9482.0	1208.0	72033.0	16163.0	5735.0	10428.0
652365.0	343720.0	135963.0	552.0	118577.0	0.0	39085.0	14468.0	2999.0	11469.0
306782.0	238974.0	40605.0	660.0	11030.0	24.0	6821.0	8668.0	1442.0	7226.0
122353.0	107114.0	7504.0	1359.0	1678.0	91.0	1516.0	3091.0	405.0	2686.0
123024.0	92665.0	25275.0	280.0	1398.0	0.0	1829.0	1577.0	164.0	1413.0
143183.0	120658.0	10874.0	308.0	2346.0	0.0	5068.0	3929.0	740.0	3189.0
4336853.0	2747751.0	815433.0	22609.0	278210.0	2722.0	368266.0	101862.0	23381.0	78481.0
176026.0	150733.0	8003.0	170.0	2870.0	418.0	9036.0	4796.0	1157.0	3639.0
78675.0	70083.0	5487.0	951.0	221.0	0.0	1198.0	735.0	295.0	440.0
815996.0	748461.0	5821.0	1374.0	8465.0	0.0	45761.0	6114.0	3404.0	2710.0
87048.0	67024.0	7200.0	343.0	918.0	0.0	9735.0	1828.0	174.0	1654.0
252358.0	149205.0	86020.0	773.0	9401.0	144.0	3646.0	3169.0	566.0	2603.0
154707.0	143419.0	4339.0	1315.0	955.0	0.0	1586.0	3093.0	0.0	3093.0
108568.0	89657.0	10598.0	447.0	943.0	256.0	3305.0	3362.0	976.0	2386.0
76907.0	61502.0	8071.0	151.0	256.0	30.0	4786.0	2111.0	792.0	1319.0
289324.0	228473.0	20811.0	2257.0	5728.0	16.0	23393.0	8646.0	3350.0	5296.0
241481.0	180174.0	34151.0	707.0	4218.0	34.0	16512.0	5685.0	690.0	4995.0
151468.0	113039.0	8832.0	487.0	1665.0	864.0	22537.0	4044.0	544.0	3500.0
499137.0	428206.0	24346.0	1103.0	12794.0	60.0	24456.0	8172.0	777.0	7395.0
65330.0	49520.0	10951.0	113.0	611.0	0.0	1542.0	2593.0	140.0	2453.0
352107.0	297986.0	13887.0	1644.0	5947.0	402.0	26430.0	5811.0	1395.0	4416.0
82957.0	73093.0	6214.0	109.0	1054.0	28.0	415.0	2044.0	0.0	2044.0
121418.0	113096.0	2273.0	1227.0	1048.0	14.0	2046.0	1714.0	362.0	1352.0
121661.0	95965.0	11305.0	678.0	5493.0	79.0	2987.0	5154.0	1181.0	3973.0
126474.0	115231.0	4005.0	904.0	1999.0	0.0	2084.0	2251.0	180.0	2071.0
85245.0	73096.0	5388.0	225.0	2118.0	0.0	1251.0	3167.0	521.0	2646.0
66137.0	61133.0	915.0	0.0	1568.0	0.0	1831.0	690.0	482.0	208.0
216080.0	167675.0	39666.0	474.0	2034.0	0.0	3462.0	2769.0	1560.0	1209.0
1911541.0	1323123.0	290151.0	9479.0	89033.0	2586.0	131230.0	65939.0	13908.0	52031.0
134117.0	111105.0	9754.0	360.0	2248.0	123.0	6294.0	4233.0	414.0	3819.0
114954.0	95401.0	5328.0	288.0	1508.0	0.0	9624.0	2805.0	1473.0	1332.0
1120954.0	873603.0	90879.0	4653.0	65848.0	666.0	50490.0	34815.0	6267.0	28548.0
90028.0	78151.0	6691.0	94.0	819.0	0.0	2975.0	1298.0	663.0	635.0
262495.0	249895.0	1346.0	977.0	1098.0	0.0	7992.0	1187.0	761.0	426.0
132047.0	105517.0	13736.0	958.0	2757.0	0.0	3692.0	5387.0	812.0	4575.0
471014.0	385486.0	28300.0	1328.0	24163.0	249.0	14086.0	17402.0	3081.0	14321.0
116909.0	104943.0	1151.0	540.0	2931.0	0.0	4867.0	2477.0	858.0	1619.0
322094.0	287181.0	4381.0	1294.0	5398.0	2348.0	10324.0	11168.0	3933.0	7235.0
1079721.0	881458.0	17559.0	8420.0	38677.0	17828.0	88501.0	27278.0	5963.0	21315.0
551891.0	503330.0	4095.0	3292.0	8334.0	4901.0	14860.0	13079.0	1096.0	11983.0
147800.0	134284.0	891.0	724.0	490.0	1019.0	4591.0	5801.0	860.0	4941.0
238519.0	218397.0	2788.0	1421.0	3375.0	341.0	6185.0	6012.0	1079.0	4933.0
159515.0	146832.0	3872.0	432.0	4420.0	0.0	596.0	3363.0	201.0	3162.0
103000.0	84518.0	9308.0	82.0	4009.0	78.0	1368.0	3637.0	198.0	3439.0
224906.0	160325.0	19607.0	1858.0	21316.0	146.0	15374.0	6280.0	553.0	5727.0
69825.0	63679.0	4124.0	192.0	663.0	0.0	0.0	1167.0	0.0	1167.0
327745.0	218357.0	74969.0	997.0	11746.0	72.0	13549.0	8055.0	667.0	7388.0
1130924.0	719245.0	109875.0	1988.0	206787.0	1000.0	46786.0	45243.0	5055.0	40188.0
67207.0	57952.0	5472.0	0.0	817.0	24.0	1212.0	1730.0	5.0	1725.0
81319.0	73360.0	3084.0	284.0	1220.0	44.0	1552.0	1775.0	158.0	1617.0
101330.0	88159.0	9405.0	96.0	1704.0	0.0	82.0	1884.0	128.0	1756.0
318611.0	187221.0	93461.0	528.0	23172.0	186.0	3836.0	10207.0	69.0	10138.0
70516.0	56203.0	10124.0	0.0	1829.0	0.0	868.0	1492.0	84.0	1408.0
349679.0	239430.0	26225.0	1057.0	53186.0	216.0	11870.0	17695.0	1971.0	15724.0
96207.0	83794.0	4511.0	117.0	5532.0	0.0	195.0	2058.0	26.0	2032.0
438580.0	286212.0	92867.0	1578.0	34150.0	372.0	5989.0	17412.0	2108.0	15304.0
127348.0	94643.0	19981.0	206.0	3284.0	0.0	5233.0	4001.0	132.0	3869.0
136788.0	97653.0	22602.0	209.0	3924.0	76.0	5910.0	6414.0	673.0	5741.0
66269.0	51445.0	8577.0	63.0	3583.0	191.0	419.0	1991.0	0.0	1991.0
148892.0	96307.0	33626.0	237.0	9913.0	0.0	4180.0	4629.0	1390.0	3239.0
230571.0	144713.0	68899.0	375.0	7393.0	163.0	1147.0	7881.0	317.0	7564.0
136699.0	58817.0	69903.0	39.0	2494.0	24.0	1368.0	4054.0	90.0	3964.0
78014.0	50278.0	21916.0	0.0	2166.0	60.0	1418.0	2176.0	33.0	2143.0
182020.0	93041.0	73712.0	465.0	6320.0	362.0	1899.0	6221.0	794.0	5427.0
246139.0	119451.0	102683.0	1322.0	8565.0	36.0	4248.0	9834.0	1249.0	8585.0
96205.0	39532.0	50229.0	282.0	1312.0	0.0	1126.0	3724.0	476.0	3248.0
214114.0	94420.0	102491.0	905.0	4329.0	64.0	3146.0	8759.0	209.0	8550.0
98465.0	64840.0	26127.0	378.0	2042.0	511.0	269.0	4298.0	131.0	4167.0
85728.0	44893.0	35914.0	58.0	612.0	102.0	271.0	3878.0	433.0	3445.0
448479.0	306569.0	84836.0	1415.0	29786.0	747.0	4779.0	20347.0	941.0	19406.0
184486.0	142497.0	2367.0	1568.0	5009.0	146.0	25832.0	7067.0	1648.0	5419.0
73967.0	66472.0	252.0	653.0	698.0	324.0	4041.0	1527.0	294.0	1233.0
72312.0	63621.0	816.0	3847.0	1549.0	18.0	850.0	1611.0	0.0	1611.0
443817.0	375289.0	10319.0	3847.0	18171.0	2945.0	14661.0	18585.0	1621.0	16964.0
101860.0	93102.0	419.0	1546.0	1198.0	0.0	1138.0	4457.0	264.0	4193.0
86638.0	65218.0	2007.0	457.0	1948.0	33.0	14003.0	2972.0	1203.0	1769.0
91878.0	65335.0	513.0	1301.0	1362.0	49.0	20716.0	2602.0	1292.0	1310.0
71078.0	62334.0	1371.0	3174.0	992.0	894.0	620.0	1693.0	171.0	1522.0
78801.0	67453.0	2480.0	873.0	2986.0	553.0	1160.0	3296.0	462.0	2834.0
2044449.0	1412338.0	125776.0	16808.0	313609.0	15693.0	42944.0	117281.0	8164.0	109117.0
253968.0	208336.0	7069.0	3094.0	12497.0	2152.0	4825.0	15995.0	368.0	15627.0
75081.0	68437.0	155.0	340.0	958.0	32.0	1553.0	3606.0	496.0	3110.0
819743.0	613392.0	57552.0	10144.0	50552.0	11656.0	21748.0	54699.0	3826.0	50873.0
118837.0	102620.0	1019.0	2064.0	1589.0	459.0	5920.0	5166.0	1013.0	4153.0
745913.0	591640.0	21133.0	8741.0	71892.0	3611.0	13622.0	35274.0	2434.0	32840.0
479398.0	429532.0	10380.0	4756.0	11406.0	1925.0	3412.0	17987.0	789.0	17198.0
262388.0	215726.0	7928.0	2858.0	16792.0	550.0	4139.0	14395.0	959.0	13436.0
206353.0	176587.0	1660.0	6034.0	8916.0	383.0	4736.0	8037.0	224.0	7813.0
247044.0	182076.0	2663.0	9367.0	3458.0	180.0	42687.0	6613.0	914.0	5699.0
108706.0	95610.0	7657.0	102.0	1441.0	369.0	1486.0	2041.0	0.0	2041.0
97133.0	88328.0	4910.0	0.0	858.0	0.0	472.0	2565.0	20.0	2545.0
191275.0	169358.0	7971.0	99.0	1810.0	0.0	629.0	11408.0	123.0	11285.0
102274.0	92693.0	4165.0	67.0	2927.0	0.0	475.0	1947.0	57.0	1890.0
254586.0	220160.0	6704.0	5725.0	7589.0	61.0	5790.0	8557.0	1722.0	6835.0
509939.0	432983.0	26386.0	1420.0	26658.0	340.0	9376.0	12776.0	790.0	11986.0
88344.0	83312.0	1676.0	740.0	763.0	0.0	606.0	1247.0	165.0	1082.0
101438.0	94669.0	466.0	588.0	3198.0	31.0	287.0	2199.0	0.0	2199.0
101798.0	95052.0	869.0	319.0	1379.0	0.0	2308.0	1871.0	108.0	1763.0
84509.0	80246.0	533.0	108.0	608.0	0.0	1462.0	1552.0	200.0	1352.0
167757.0	145419.0	12475.0	587.0	2178.0	52.0	3337.0	3709.0	602.0	3107.0
116713.0	106324.0	1675.0	195.0	5402.0	0.0	1349.0	1768.0	0.0	1768.0
80654.0	76565.0	614.0	185.0	2117.0	115.0	286.0	772.0	0.0	772.0
135416.0	124283.0	1008.0	258.0	7188.0	0.0	113.0	2566.0	13.0	2553.0
956023.0	597548.0	250726.0	4524.0	35146.0	76.0	35271.0	32732.0	5118.0	27614.0
180345.0	161839.0	2052.0	3468.0	5649.0	0.0	4782.0	2555.0	489.0	2066.0
87054.0	82781.0	1162.0	181.0	1510.0	96.0	71.0	1253.0	130.0	1123.0
70380.0	66083.0	241.0	743.0	2156.0	18.0	171.0	968.0	112.0	856.0
195041.0	154486.0	21649.0	998.0	2206.0	0.0	9445.0	6257.0	647.0	5610.0
160739.0	144732.0	5438.0	120.0	1898.0	0.0	2281.0	6270.0	195.0	6075.0
85930.0	82888.0	936.0	414.0	456.0	0.0	190.0	1046.0	0.0	1046.0
114922.0	103540.0	788.0	356.0	5663.0	0.0	2056.0	2519.0	181.0	2338.0
102945.0	96848.0	1060.0	186.0	1066.0	85.0	2507.0	1193.0	254.0	939.0
132739.0	127424.0	1374.0	145.0	1778.0	0.0	432.0	1586.0	224.0	1362.0
393843.0	365759.0	4954.0	576.0	11647.0	127.0	4997.0	5783.0	188.0	5595.0
169541.0	157303.0	2788.0	997.0	4352.0	92.0	1141.0	2868.0	86.0	2782.0
73959.0	69904.0	394.0	592.0	1519.0	0.0	577.0	973.0	24.0	949.0
95809.0	84321.0	3245.0	365.0	1704.0	21.0	2737.0	3416.0	687.0	2729.0
80973.0	74143.0	360.0	1036.0	745.0	0.0	1682.0	3007.0	341.0	2666.0
