212628.0	183893.0	20030.0	2172.0	2485.0	0.0	1899.0	2149.0	308.0	1841.0
114728.0	85146.0	24183.0	254.0	1176.0	0.0	2108.0	1861.0	0.0	1861.0
82755.0	78414.0	1076.0	0.0	414.0	0.0	543.0	2308.0	678.0	1630.0
71617.0	61603.0	1109.0	762.0	0.0	0.0	5879.0	2264.0	513.0	1751.0
81677.0	60736.0	18092.0	304.0	400.0	0.0	1407.0	738.0	0.0	738.0
102755.0	82298.0	16066.0	1018.0	727.0	0.0	1199.0	1447.0	72.0	1375.0
104346.0	72703.0	27957.0	125.0	851.0	0.0	176.0	2534.0	378.0	2156.0
659197.0	340995.0	283700.0	1203.0	12201.0	321.0	11510.0	9267.0	1742.0	7525.0
161604.0	113361.0	35563.0	212.0	6452.0	0.0	502.0	5514.0	385.0	5129.0
94402.0	76611.0	12971.0	901.0	1677.0	149.0	1167.0	926.0	0.0	926.0
361046.0	244908.0	87843.0	2357.0	10285.0	0.0	4498.0	11155.0	835.0	10320.0
95548.0	88908.0	2140.0	670.0	687.0	149.0	1244.0	1750.0	368.0	1382.0
413955.0	244012.0	147234.0	3410.0	7504.0	79.0	5038.0	6678.0	239.0	6439.0
226646.0	82146.0	131468.0	311.0	6747.0	51.0	2034.0	3889.0	676.0	3213.0
118818.0	95425.0	15143.0	678.0	760.0	283.0	4294.0	2235.0	50.0	2185.0
213605.0	171245.0	26651.0	571.0	3167.0	69.0	6240.0	5662.0	808.0	4854.0
80065.0	50624.0	26648.0	250.0	162.0	0.0	1328.0	1053.0	129.0	924.0
207811.0	132278.0	66928.0	755.0	3522.0	115.0	1768.0	2445.0	631.0	1814.0
64058.0	57806.0	3831.0	328.0	353.0	0.0	549.0	1191.0	0.0	1191.0
294356.0	182307.0	14810.0	22906.0	31646.0	7791.0	7077.0	27819.0	1618.0	26201.0
99703.0	75282.0	4541.0	7512.0	2964.0	126.0	1084.0	8194.0	307.0	7887.0
106532.0	88189.0	1540.0	6605.0	1522.0	206.0	328.0	8142.0	155.0	7987.0
124756.0	107676.0	5042.0	1981.0	2258.0	473.0	3191.0	4135.0	1290.0	2845.0
140776.0	92468.0	1731.0	36364.0	3259.0	633.0	1235.0	5086.0	244.0	4842.0
4307033.0	3342292.0	235421.0	87049.0	179761.0	10317.0	291906.0	160287.0	30806.0	129481.0
207200.0	186157.0	2473.0	4806.0	2525.0	141.0	6030.0	5068.0	787.0	4281.0
108956.0	51477.0	1291.0	46635.0	638.0	1811.0	4424.0	2680.0	364.0	2316.0
1022769.0	779589.0	35898.0	42875.0	29936.0	1639.0	80937.0	51895.0	15238.0	36657.0
430237.0	351332.0	17748.0	19642.0	7007.0	1160.0	12515.0	20833.0	3479.0	17354.0
228168.0	211172.0	1314.0	2698.0	2814.0	0.0	4182.0	5988.0	146.0	5842.0
207534.0	168078.0	4767.0	3939.0	2718.0	125.0	22100.0	5807.0	1820.0	3987.0
266300.0	233638.0	5199.0	4850.0	10703.0	1486.0	4080.0	6344.0	1191.0	5153.0
107115.0	84250.0	13657.0	148.0	1533.0	37.0	2495.0	4995.0	262.0	4733.0
123654.0	100013.0	15116.0	210.0	1830.0	0.0	3458.0	3027.0	677.0	2350.0
98658.0	83717.0	8358.0	537.0	271.0	0.0	2774.0	3001.0	125.0	2876.0
69115.0	27334.0	39567.0	159.0	856.0	0.0	704.0	495.0	83.0	412.0
72898.0	64934.0	5004.0	591.0	167.0	0.0	247.0	1955.0	427.0	1528.0
393956.0	219468.0	144945.0	781.0	8976.0	208.0	8449.0	11129.0	1142.0	9987.0
119323.0	104856.0	8837.0	148.0	1505.0	194.0	1361.0	2422.0	167.0	2255.0
128107.0	93998.0	7784.0	1115.0	5082.0	0.0	12232.0	7896.0	635.0	7261.0
231996.0	175198.0	8058.0	1689.0	6459.0	4358.0	27208.0	9026.0	137.0	8889.0
79016.0	71368.0	3402.0	455.0	500.0	0.0	1256.0	2035.0	115.0	1920.0
1663190.0	661879.0	174829.0	10993.0	502289.0	13090.0	189729.0	110381.0	23720.0	86661.0
229294.0	185941.0	4188.0	3346.0	11961.0	228.0	11244.0	12386.0	1858.0	10528.0
1147439.0	655634.0	94211.0	5355.0	195332.0	5979.0	105520.0	85408.0	13320.0	72088.0
188987.0	166729.0	1645.0	1448.0	8316.0	0.0	3211.0	7638.0	351.0	7287.0
989255.0	648874.0	46347.0	9657.0	102464.0	1622.0	138241.0	42050.0	10369.0	31681.0
136754.0	109593.0	1821.0	5216.0	4363.0	1707.0	5978.0	8076.0	472.0	7604.0
182830.0	106980.0	4562.0	1575.0	2093.0	952.0	60234.0	6434.0	2409.0	4025.0
893119.0	673299.0	47820.0	9145.0	45271.0	1518.0	89366.0	26700.0	6349.0	20351.0
150101.0	100972.0	9297.0	2476.0	5937.0	23.0	25123.0	6273.0	648.0	5625.0
64246.0	48772.0	1388.0	2968.0	1062.0	49.0	8631.0	1376.0	205.0	1171.0
10163507.0	5047869.0	823121.0	73839.0	1500637.0	27950.0	2310179.0	379912.0	103639.0	276273.0
156890.0	105912.0	5644.0	3179.0	3730.0	25.0	35242.0	3158.0	1307.0	1851.0
260955.0	199666.0	4646.0	1001.0	15642.0	93.0	25778.0	14129.0	2007.0	12122.0
88018.0	72964.0	775.0	3574.0	1796.0	289.0	3939.0	4681.0	127.0	4554.0
272673.0	151255.0	7786.0	2883.0	21738.0	431.0	77373.0	11207.0	4216.0	6991.0
437907.0	209568.0	11199.0	1627.0	24056.0	1678.0	170737.0	19042.0	3400.0	15642.0
140973.0	104581.0	3362.0	949.0	11380.0	365.0	14483.0	5853.0	1302.0	4551.0
99814.0	93198.0	489.0	528.0	504.0	150.0	792.0	4153.0	50.0	4103.0
3190400.0	1899657.0	56047.0	16541.0	657068.0	8477.0	417082.0	135528.0	28301.0	107227.0
386166.0	315315.0	6325.0	2183.0	29727.0	1695.0	13455.0	17466.0	1790.0	15676.0
2423266.0	1371769.0	159227.0	19874.0	160820.0	6449.0	593615.0	111512.0	36116.0	75396.0
1530615.0	858852.0	148713.0	9918.0	237209.0	18242.0	138743.0	118938.0	16237.0	102701.0
2157404.0	1322703.0	175209.0	20073.0	157083.0	6396.0	368369.0	107571.0	29505.0	78066.0
3337685.0	2325134.0	165577.0	25433.0	403200.0	13884.0	224947.0	179510.0	29441.0	150069.0
884363.0	402967.0	45815.0	3078.0	306459.0	3639.0	71647.0	50758.0	10525.0	40233.0
745424.0	399989.0	53882.0	3933.0	114582.0	5136.0	75859.0	92043.0	8610.0	83433.0
283405.0	244081.0	5364.0	3382.0	10291.0	254.0	8952.0	11081.0	2092.0	8989.0
771410.0	376719.0	18758.0	3712.0	221757.0	11254.0	94159.0	45051.0	7599.0	37452.0
448150.0	344963.0	7803.0	3680.0	24908.0	337.0	46380.0	20079.0	3359.0	16720.0
1938153.0	846837.0	49943.0	11586.0	705366.0	6105.0	216455.0	101861.0	21052.0	80809.0
275897.0	200879.0	2687.0	1887.0	13516.0	292.0	44257.0	12379.0	1509.0	10870.0
179921.0	156292.0	2873.0	6853.0	5640.0	177.0	2671.0	5415.0	868.0	4547.0
445458.0	233792.0	60377.0	1951.0	70763.0	4314.0	44244.0	30017.0	4327.0	25690.0
504217.0	366041.0	8256.0	5374.0	20424.0	2015.0	73770.0	28337.0	7535.0	20802.0
547899.0	425003.0	17428.0	4161.0	29258.0	3683.0	45587.0	22779.0	6380.0	16399.0
96648.0	64783.0	2278.0	1496.0	16109.0	904.0	4796.0	6282.0	1380.0	4902.0
464493.0	352858.0	7240.0	5390.0	14085.0	428.0	66511.0	17981.0	5436.0	12545.0
854223.0	684452.0	17028.0	7610.0	65149.0	1150.0	42277.0	36557.0	5645.0	30912.0
219116.0	151351.0	5856.0	940.0	29363.0	1165.0	15163.0	15278.0	1863.0	13415.0
77031.0	60488.0	3588.0	1199.0	4780.0	297.0	2333.0	4346.0	453.0	3893.0
503167.0	420960.0	17889.0	3940.0	22618.0	0.0	21561.0	16199.0	3370.0	12829.0
643052.0	464674.0	69675.0	4455.0	37969.0	1377.0	37922.0	26980.0	4799.0	22181.0
322514.0	286516.0	3202.0	1445.0	14887.0	61.0	6296.0	10107.0	1296.0	8811.0
68341.0	58633.0	1028.0	330.0	4591.0	0.0	537.0	3222.0	597.0	2625.0
704621.0	531343.0	64231.0	7422.0	27131.0	1165.0	49098.0	24231.0	4385.0	19846.0
335299.0	296679.0	4918.0	1140.0	16920.0	116.0	6477.0	9049.0	513.0	8536.0
699232.0	555428.0	42690.0	6463.0	18137.0	3077.0	31821.0	41616.0	6275.0	35341.0
574613.0	521644.0	5801.0	4791.0	16249.0	294.0	9588.0	16246.0	2863.0	13383.0
343976.0	316413.0	3881.0	3058.0	7315.0	488.0	3578.0	9243.0	659.0	8584.0
151616.0	142383.0	1147.0	1054.0	1802.0	626.0	2237.0	2367.0	223.0	2144.0
166475.0	132886.0	3050.0	6401.0	2051.0	160.0	14970.0	6957.0	1391.0	5566.0
304633.0	277607.0	3539.0	1457.0	4851.0	377.0	9464.0	7338.0	1471.0	5867.0
949921.0	694002.0	103404.0	2828.0	52069.0	219.0	69625.0	27774.0	5761.0	22013.0
895388.0	633375.0	124617.0	2841.0	48514.0	85.0	55633.0	30323.0	7241.0	23082.0
182177.0	168874.0	4349.0	391.0	3511.0	0.0	2571.0	2481.0	533.0	1948.0
163410.0	143959.0	10147.0	928.0	5172.0	0.0	724.0	2480.0	381.0	2099.0
860435.0	632057.0	116220.0	1202.0	34333.0	142.0	46999.0	29482.0	7871.0	21611.0
269033.0	216598.0	13584.0	2446.0	11426.0	79.0	7872.0	17028.0	3725.0	13303.0
151461.0	131854.0	5563.0	52.0	7171.0	0.0	3108.0	3713.0	282.0	3431.0
116359.0	102294.0	2694.0	580.0	1728.0	0.0	4841.0	4222.0	91.0	4131.0
176824.0	118659.0	45791.0	576.0	3077.0	0.0	1269.0	7452.0	620.0	6832.0
559793.0	361737.0	138971.0	1654.0	33050.0	85.0	9189.0	15107.0	1235.0	13872.0
225322.0	181688.0	25594.0	499.0	2803.0	159.0	7914.0	6665.0	306.0	6359.0
693972.0	284536.0	318220.0	1690.0	28499.0	302.0	40116.0	20609.0	2786.0	17823.0
266944.0	183286.0	53605.0	1140.0	15687.0	225.0	2969.0	10032.0	1531.0	8501.0
183563.0	149440.0	19950.0	892.0	4272.0	0.0	2192.0	6817.0	340.0	6477.0
589162.0	484140.0	57969.0	2896.0	14471.0	1146.0	12445.0	16095.0	3104.0	12991.0
1935878.0	1177288.0	558202.0	5014.0	68978.0	852.0	59929.0	65615.0	12012.0	53603.0
182033.0	164647.0	10280.0	462.0	2572.0	0.0	1100.0	2972.0	258.0	2714.0
145647.0	134456.0	3706.0	448.0	2845.0	22.0	1298.0	2872.0	582.0	2290.0
212230.0	165989.0	21174.0	465.0	6605.0	0.0	6774.0	11223.0	515.0	10708.0
372880.0	333147.0	26116.0	679.0	5839.0	0.0	3550.0	3549.0	144.0	3405.0
69612.0	54396.0	12623.0	107.0	741.0	0.0	510.0	1235.0	32.0	1203.0
937934.0	559480.0	282620.0	1709.0	47841.0	101.0	18524.0	27659.0	3351.0	24308.0
313512.0	211250.0	67044.0	1558.0	9036.0	484.0	4529.0	19611.0	825.0	18786.0
110510.0	91129.0	11965.0	307.0	3064.0	0.0	2761.0	1284.0	0.0	1284.0
186553.0	167774.0	9451.0	1212.0	2451.0	0.0	2486.0	3179.0	97.0	3082.0
102883.0	83669.0	9993.0	247.0	1721.0	0.0	4682.0	2571.0	815.0	1756.0
1408566.0	1017834.0	241839.0	4756.0	59406.0	451.0	35595.0	48685.0	7355.0	41330.0
154383.0	134192.0	13257.0	179.0	1729.0	0.0	985.0	4041.0	335.0	3706.0
346017.0	279329.0	38850.0	1239.0	7868.0	357.0	12773.0	5601.0	2233.0	3368.0
739224.0	622691.0	60435.0	992.0	12951.0	255.0	27535.0	14365.0	2032.0	12333.0
290292.0	178081.0	89637.0	229.0	9874.0	0.0	4595.0	7876.0	329.0	7547.0
385571.0	323791.0	34437.0	1296.0	7836.0	1177.0	10718.0	6316.0	714.0	5602.0
354353.0	289512.0	47418.0	1679.0	5945.0	301.0	2733.0	6765.0	760.0	6005.0
159923.0	140767.0	9350.0	1860.0	2118.0	307.0	1649.0	3872.0	2338.0	1534.0
2751796.0	2076706.0	474196.0	5037.0	47099.0	196.0	105388.0	43174.0	14257.0	28917.0
77013.0	67628.0	5309.0	60.0	1243.0	0.0	1704.0	1069.0	44.0	1025.0
202970.0	160235.0	19845.0	485.0	6368.0	59.0	6179.0	9799.0	817.0	8982.0
1348975.0	831468.0	286324.0	2743.0	69335.0	1623.0	107587.0	49895.0	9932.0	39963.0
352180.0	251401.0	42068.0	2422.0	8437.0	551.0	33261.0	14040.0	4010.0	10030.0
1471150.0	1081998.0	281793.0	3465.0	40139.0	82.0	34357.0	29316.0	6480.0	22836.0
525643.0	459348.0	31286.0	1579.0	13287.0	351.0	5602.0	14190.0	2484.0	11706.0
970637.0	784267.0	100199.0	3519.0	32975.0	813.0	18768.0	30096.0	3479.0	26617.0
686483.0	532404.0	105452.0	2989.0	12151.0	594.0	15411.0	17482.0	1773.0	15709.0
243812.0	215333.0	12042.0	1207.0	7282.0	72.0	1448.0	6428.0	144.0	6284.0
313506.0	233096.0	62894.0	1047.0	6097.0	1744.0	3322.0	5306.0	655.0	4651.0
174272.0	148514.0	10949.0	437.0	3746.0	785.0	4376.0	5465.0	72.0	5393.0
419119.0	383497.0	18729.0	388.0	7883.0	84.0	2473.0	6065.0	730.0	5335.0
462659.0	357397.0	55994.0	1618.0	21515.0	130.0	11045.0	14960.0	1834.0	13126.0
125165.0	112100.0	9341.0	435.0	1152.0	0.0	966.0	1171.0	446.0	725.0
538692.0	437130.0	59708.0	2149.0	10399.0	83.0	18528.0	10695.0	1129.0	9566.0
68376.0	58242.0	3376.0	323.0	899.0	0.0	3326.0	2210.0	85.0	2125.0
79061.0	62821.0	9429.0	38.0	3000.0	0.0	1802.0	1971.0	457.0	1514.0
105054.0	87755.0	8234.0	13.0	1244.0	21.0	2874.0	4913.0	259.0	4654.0
152862.0	61685.0	84077.0	396.0	3191.0	63.0	490.0	2960.0	1052.0	1908.0
76149.0	49249.0	21331.0	435.0	1124.0	0.0	1267.0	2743.0	471.0	2272.0
117812.0	89549.0	23333.0	1545.0	998.0	0.0	1119.0	1268.0	0.0	1268.0
66550.0	60853.0	2189.0	118.0	1007.0	0.0	1500.0	883.0	0.0	883.0
290501.0	154261.0	112485.0	1431.0	6839.0	4210.0	3001.0	8274.0	2054.0	6220.0
247573.0	215889.0	15168.0	459.0	5091.0	143.0	3020.0	7803.0	286.0	7517.0
127064.0	79804.0	34716.0	0.0	4979.0	0.0	3308.0	4257.0	623.0	3634.0
285153.0	44964.0	200852.0	802.0	14969.0	0.0	15790.0	7776.0	731.0	7045.0
755754.0	450424.0	209769.0	1128.0	39499.0	62.0	30619.0	24253.0	1532.0	22721.0
151579.0	112468.0	24816.0	466.0	5589.0	0.0	895.0	7345.0	417.0	6928.0
143114.0	110425.0	25323.0	236.0	3302.0	0.0	1134.0	2694.0	0.0	2694.0
753253.0	252104.0	399972.0	10691.0	44788.0	968.0	14112.0	30618.0	3320.0	27298.0
89502.0	23836.0	61102.0	142.0	929.0	0.0	1443.0	2050.0	25.0	2025.0
143882.0	67162.0	69768.0	171.0	2141.0	159.0	1602.0	2879.0	151.0	2728.0
112549.0	74542.0	25204.0	52.0	5380.0	223.0	2588.0	4560.0	808.0	3752.0
97613.0	79734.0	13364.0	131.0	1214.0	0.0	591.0	2579.0	0.0	2579.0
227967.0	183654.0	6620.0	810.0	28861.0	0.0	1660.0	6362.0	983.0	5379.0
1041423.0	465421.0	460597.0	1813.0	72843.0	259.0	14771.0	25719.0	1420.0	24299.0
85282.0	59081.0	22447.0	341.0	1241.0	0.0	61.0	2111.0	346.0	1765.0
920260.0	440501.0	259499.0	4985.0	106385.0	264.0	77448.0	31178.0	7880.0	23298.0
199335.0	172354.0	15498.0	625.0	3314.0	22.0	4879.0	2643.0	262.0	2381.0
225813.0	110952.0	98814.0	85.0	7904.0	0.0	1206.0	6852.0	318.0	6534.0
153479.0	94526.0	47041.0	391.0	4183.0	0.0	698.0	6640.0	710.0	5930.0
67519.0	58883.0	4727.0	0.0	1368.0	0.0	737.0	1804.0	434.0	1370.0
115489.0	64198.0	42079.0	507.0	2665.0	197.0	3522.0	2321.0	165.0	2156.0
194058.0	84356.0	90141.0	261.0	4864.0	164.0	6291.0	7981.0	1408.0	6573.0
108078.0	53954.0	47397.0	711.0	423.0	398.0	2275.0	2920.0	658.0	2262.0
159445.0	121660.0	31489.0	405.0	966.0	0.0	959.0	3966.0	0.0	3966.0
201800.0	75250.0	113369.0	358.0	4102.0	103.0	1883.0	6735.0	265.0	6470.0
90312.0	33718.0	48251.0	204.0	1780.0	0.0	3661.0	2698.0	220.0	2478.0
65380.0	41051.0	22098.0	368.0	657.0	0.0	250.0	956.0	0.0	956.0
69786.0	39484.0	25336.0	85.0	1505.0	0.0	1939.0	1437.0	328.0	1109.0
68939.0	63212.0	2478.0	0.0	860.0	0.0	183.0	2206.0	739.0	1467.0
91600.0	71771.0	15308.0	135.0	1103.0	0.0	1524.0	1759.0	487.0	1272.0
104658.0	95240.0	4384.0	46.0	1646.0	0.0	2252.0	1090.0	165.0	925.0
200381.0	69129.0	986.0	692.0	43878.0	23228.0	4422.0	58046.0	847.0	57199.0
988650.0	205761.0	21039.0	1338.0	427510.0	97078.0	13581.0	222343.0	7145.0	215198.0
72159.0	24028.0	428.0	353.0	24574.0	6561.0	619.0	15596.0	113.0	15483.0
166271.0	58195.0	933.0	278.0	49637.0	18392.0	2854.0	35982.0	743.0	35239.0
456849.0	411580.0	5853.0	1774.0	11031.0	924.0	7176.0	18511.0	1464.0	17047.0
85269.0	76541.0	442.0	3042.0	1530.0	165.0	1416.0	2133.0	213.0	1920.0
114595.0	101071.0	772.0	362.0	1310.0	324.0	7829.0	2927.0	434.0	2493.0
216699.0	180050.0	1292.0	1438.0	1139.0	439.0	23210.0	9131.0	2345.0	6786.0
157637.0	148176.0	155.0	2570.0	1281.0	137.0	911.0	4407.0	321.0	4086.0
85124.0	78783.0	790.0	322.0	2028.0	29.0	2104.0	1068.0	56.0	1012.0
66234.0	61665.0	2595.0	170.0	436.0	8.0	29.0	1331.0	36.0	1295.0
209399.0	151479.0	28725.0	315.0	21864.0	159.0	1102.0	5755.0	258.0	5497.0
5211263.0	2938732.0	1219756.0	11809.0	378679.0	1386.0	520266.0	140635.0	38753.0	101882.0
104733.0	87726.0	8835.0	93.0	1708.0	0.0	3246.0	3125.0	215.0	2910.0
930128.0	717741.0	44772.0	1372.0	107918.0	155.0	33204.0	24966.0	3254.0	21712.0
534667.0	384654.0	28381.0	4682.0	22835.0	1013.0	76422.0	16680.0	5272.0	11408.0
109605.0	87855.0	17177.0	92.0	650.0	31.0	1704.0	2096.0	300.0	1796.0
126218.0	98562.0	9668.0	100.0	4499.0	0.0	10023.0	3366.0	1493.0	1873.0
703520.0	521507.0	48157.0	2491.0	53963.0	412.0	57606.0	19384.0	6286.0	13098.0
110067.0	100131.0	3146.0	89.0	1063.0	0.0	3967.0	1671.0	359.0	1312.0
309122.0	286035.0	4260.0	298.0	7413.0	30.0	3416.0	7670.0	896.0	6774.0
172290.0	145215.0	14081.0	481.0	9441.0	0.0	481.0	2591.0	22.0	2569.0
105801.0	82656.0	15612.0	365.0	1044.0	19.0	321.0	5784.0	0.0	5784.0
265428.0	231215.0	23071.0	487.0	2478.0	66.0	2096.0	6015.0	182.0	5833.0
183011.0	134454.0	32492.0	395.0	7286.0	0.0	1784.0	6600.0	281.0	6319.0
144808.0	117420.0	16288.0	684.0	3753.0	219.0	2191.0	4253.0	614.0	3639.0
262479.0	165878.0	77270.0	395.0	2961.0	58.0	5181.0	10736.0	569.0	10167.0
196452.0	160906.0	25653.0	210.0	4465.0	161.0	469.0	4588.0	239.0	4349.0
133526.0	127851.0	1885.0	68.0	1533.0	49.0	695.0	1445.0	0.0	1445.0
77909.0	64521.0	10770.0	84.0	756.0	0.0	220.0	1558.0	411.0	1147.0
692661.0	498887.0	78542.0	814.0	39460.0	322.0	54137.0	20499.0	4933.0	15566.0
67328.0	60864.0	2056.0	141.0	711.0	0.0	1054.0	2502.0	135.0	2367.0
284778.0	225519.0	36651.0	904.0	7398.0	44.0	5139.0	9123.0	716.0	8407.0
372877.0	294929.0	42254.0	869.0	14879.0	0.0	5495.0	14451.0	643.0	13808.0
82040.0	69886.0	3697.0	163.0	5991.0	0.0	793.0	1510.0	258.0	1252.0
116973.0	103121.0	7795.0	43.0	1364.0	0.0	422.0	4228.0	79.0	4149.0
115184.0	101751.0	8285.0	0.0	859.0	0.0	386.0	3903.0	624.0	3279.0
205032.0	179524.0	11525.0	104.0	1666.0	42.0	4493.0	7678.0	1225.0	6453.0
77071.0	69317.0	4417.0	39.0	922.0	0.0	428.0	1948.0	96.0	1852.0
66491.0	58077.0	5612.0	29.0	165.0	0.0	423.0	2185.0	51.0	2134.0
323747.0	280893.0	13635.0	887.0	19694.0	85.0	1604.0	6949.0	1083.0	5866.0
163685.0	142905.0	10915.0	0.0	4405.0	0.0	1670.0	3790.0	127.0	3663.0
153897.0	141456.0	4189.0	209.0	4720.0	0.0	1198.0	2125.0	114.0	2011.0
79206.0	74913.0	355.0	73.0	1141.0	60.0	1104.0	1560.0	258.0	1302.0
485640.0	298255.0	114738.0	1365.0	6545.0	130.0	46003.0	18604.0	8985.0	9619.0
110029.0	91394.0	12207.0	283.0	804.0	0.0	2354.0	2987.0	596.0	2391.0
129498.0	113687.0	10406.0	418.0	832.0	0.0	1167.0	2988.0	214.0	2774.0
950082.0	600178.0	261425.0	1538.0	29676.0	295.0	21473.0	35497.0	2220.0	33277.0
146986.0	126697.0	4111.0	189.0	9374.0	47.0	674.0	5894.0	71.0	5823.0
168404.0	154464.0	6688.0	173.0	2424.0	0.0	1319.0	3336.0	232.0	3104.0
270434.0	212760.0	34904.0	726.0	5847.0	395.0	5600.0	10202.0	975.0	9227.0
190587.0	156394.0	9953.0	503.0	15867.0	94.0	2867.0	4909.0	36.0	4873.0
181616.0	154153.0	16746.0	372.0	2963.0	0.0	2766.0	4616.0	73.0	4543.0
107516.0	93639.0	6300.0	269.0	2363.0	98.0	558.0	4289.0	588.0	3701.0
66185.0	59956.0	3846.0	116.0	633.0	0.0	124.0	1510.0	0.0	1510.0
132648.0	112389.0	11965.0	175.0	3250.0	212.0	1152.0	3505.0	97.0	3408.0
87235.0	78893.0	1643.0	0.0	4065.0	0.0	1000.0	1634.0	8.0	1626.0
97041.0	89849.0	2621.0	311.0	1132.0	1726.0	471.0	931.0	56.0	875.0
149210.0	123409.0	8850.0	243.0	9499.0	0.0	1363.0	5846.0	514.0	5332.0
224115.0	196706.0	12967.0	299.0	5593.0	456.0	3289.0	4805.0	0.0	4805.0
481830.0	402080.0	30578.0	1340.0	23854.0	931.0	8123.0	14924.0	1524.0	13400.0
93386.0	85248.0	1094.0	447.0	320.0	0.0	3624.0	2653.0	267.0	2386.0
172509.0	148733.0	12864.0	355.0	4986.0	0.0	322.0	5249.0	179.0	5070.0
97502.0	83815.0	2724.0	175.0	8477.0	0.0	695.0	1616.0	259.0	1357.0
102429.0	87589.0	3258.0	2679.0	2845.0	584.0	2168.0	3306.0	92.0	3214.0
66878.0	62001.0	1241.0	721.0	1078.0	0.0	200.0	1637.0	179.0	1458.0
120793.0	100331.0	4777.0	3332.0	6496.0	0.0	492.0	5365.0	364.0	5001.0
591178.0	508872.0	29563.0	2641.0	31044.0	280.0	6561.0	12217.0	824.0	11393.0
81095.0	67374.0	7659.0	749.0	600.0	0.0	334.0	4379.0	133.0	4246.0
74172.0	61392.0	3633.0	735.0	3816.0	290.0	862.0	3444.0	0.0	3444.0
513687.0	390457.0	45944.0	2549.0	22820.0	659.0	27588.0	23670.0	1683.0	21987.0
178187.0	148331.0	15564.0	1031.0	3096.0	0.0	4029.0	6136.0	694.0	5442.0
165288.0	97951.0	36616.0	720.0	6809.0	0.0	14171.0	9021.0	1612.0	7409.0
130728.0	117665.0	5119.0	126.0	2285.0	0.0	2480.0	3053.0	0.0	3053.0
80246.0	77234.0	732.0	131.0	692.0	36.0	164.0	1257.0	76.0	1181.0
92488.0	86573.0	3082.0	0.0	1198.0	0.0	523.0	1112.0	41.0	1071.0
70416.0	50241.0	15474.0	268.0	1442.0	137.0	669.0	2185.0	229.0	1956.0
100374.0	91296.0	4340.0	150.0	1358.0	0.0	342.0	2888.0	40.0	2848.0
321959.0	243170.0	46595.0	814.0	11729.0	145.0	7537.0	11969.0	1352.0	10617.0
108071.0	86538.0	12801.0	169.0	2392.0	195.0	558.0	5418.0	443.0	4975.0
771158.0	550925.0	168651.0	1145.0	23486.0	338.0	9286.0	17327.0	845.0	16482.0
165399.0	149162.0	7039.0	204.0	1962.0	57.0	2276.0	4699.0	62.0	4637.0
91226.0	83478.0	3409.0	78.0	588.0	0.0	473.0	3200.0	180.0	3020.0
66415.0	60655.0	1565.0	131.0	1271.0	0.0	85.0	2708.0	38.0	2670.0
128845.0	104739.0	11496.0	0.0	4229.0	1786.0	2213.0	4382.0	777.0	3605.0
122948.0	88363.0	27301.0	0.0	1558.0	0.0	2709.0	3017.0	144.0	2873.0
127634.0	91453.0	29346.0	844.0	1644.0	114.0	1067.0	3166.0	438.0	2728.0
246581.0	114502.0	118227.0	1146.0	3507.0	0.0	1685.0	7514.0	343.0	7171.0
202445.0	141888.0	51096.0	234.0	3164.0	0.0	1723.0	4340.0	0.0	4340.0
446268.0	208844.0	205147.0	1111.0	16138.0	267.0	7603.0	7158.0	145.0	7013.0
72176.0	43580.0	24091.0	66.0	1658.0	0.0	1409.0	1372.0	95.0	1277.0
439036.0	267718.0	120320.0	1297.0	19292.0	0.0	23350.0	7059.0	1792.0	5267.0
242485.0	166602.0	63343.0	430.0	5158.0	0.0	3081.0	3871.0	424.0	3447.0
98426.0	77264.0	13503.0	2888.0	826.0	0.0	2408.0	1537.0	18.0	1519.0
393292.0	133124.0	234026.0	597.0	11587.0	28.0	5578.0	8352.0	592.0	7760.0
155874.0	92843.0	58924.0	56.0	1760.0	290.0	594.0	1407.0	0.0	1407.0
131648.0	83099.0	41836.0	1214.0	2268.0	0.0	1404.0	1827.0	145.0	1682.0
256327.0	209928.0	31453.0	1522.0	4623.0	0.0	4823.0	3978.0	597.0	3381.0
132497.0	89189.0	40033.0	246.0	991.0	0.0	320.0	1718.0	0.0	1718.0
112086.0	77711.0	21573.0	5297.0	769.0	36.0	2821.0	3879.0	0.0	3879.0
107651.0	98190.0	1523.0	444.0	764.0	0.0	181.0	6549.0	202.0	6347.0
67653.0	64260.0	550.0	1288.0	426.0	0.0	61.0	1068.0	120.0	948.0
292500.0	269022.0	9429.0	312.0	6805.0	0.0	1185.0	5747.0	187.0	5560.0
121821.0	116745.0	727.0	1032.0	975.0	83.0	15.0	2244.0	182.0	2062.0
151957.0	143328.0	1528.0	2179.0	1239.0	19.0	392.0	3272.0	175.0	3097.0
204191.0	195412.0	914.0	945.0	2930.0	85.0	256.0	3649.0	0.0	3649.0
71615.0	63197.0	6761.0	91.0	287.0	0.0	205.0	1074.0	70.0	1004.0
573235.0	411980.0	94836.0	1588.0	21508.0	223.0	19587.0	23513.0	1718.0	21795.0
832468.0	500862.0	240170.0	2946.0	51908.0	377.0	11920.0	24285.0	3813.0	20472.0
91502.0	74567.0	9935.0	182.0	1605.0	200.0	213.0	4800.0	4.0	4796.0
167781.0	152856.0	5755.0	569.0	3045.0	39.0	2045.0	3472.0	21.0	3451.0
102746.0	90591.0	6799.0	81.0	990.0	0.0	633.0	3652.0	0.0	3652.0
159700.0	71268.0	71868.0	814.0	5612.0	57.0	1011.0	9070.0	241.0	8829.0
252022.0	200914.0	22136.0	777.0	11534.0	101.0	5835.0	10725.0	1915.0	8810.0
252160.0	197996.0	34970.0	416.0	7828.0	0.0	4559.0	6391.0	211.0	6180.0
321113.0	180677.0	59183.0	1338.0	59567.0	0.0	5520.0	14828.0	1259.0	13569.0
1058810.0	544323.0	196882.0	3871.0	161254.0	378.0	110897.0	41205.0	7734.0	33471.0
912756.0	148281.0	574112.0	3114.0	39223.0	512.0	123795.0	23719.0	4975.0	18744.0
112667.0	87649.0	16177.0	0.0	2872.0	128.0	818.0	5023.0	0.0	5023.0
150578.0	123249.0	15218.0	233.0	2966.0	0.0	2658.0	6254.0	461.0	5793.0
102923.0	66953.0	26776.0	35.0	3276.0	0.0	2959.0	2924.0	15.0	2909.0
611648.0	183988.0	383508.0	2347.0	16415.0	128.0	10553.0	14709.0	1876.0	12833.0
213444.0	195858.0	5650.0	1432.0	3691.0	0.0	1771.0	5042.0	1063.0	3979.0
126313.0	113035.0	3171.0	749.0	2194.0	0.0	3549.0	3615.0	122.0	3493.0
561483.0	468628.0	25711.0	0.0	12071.0	0.0	35811.0	19262.0	6132.0	13130.0
785205.0	653613.0	34787.0	1844.0	26451.0	0.0	43466.0	25044.0	2603.0	22441.0
70702.0	65753.0	1031.0	42.0	1093.0	0.0	354.0	2429.0	472.0	1957.0
469818.0	381660.0	43810.0	1232.0	11843.0	56.0	18169.0	13048.0	2755.0	10293.0
161834.0	142039.0	4660.0	230.0	8620.0	0.0	1230.0	5055.0	484.0	4571.0
1602947.0	1234426.0	87322.0	2705.0	193082.0	158.0	41204.0	44050.0	4536.0	39514.0
700322.0	544496.0	51178.0	1114.0	75549.0	455.0	10806.0	16724.0	3958.0	12766.0
515142.0	426313.0	48454.0	715.0	6553.0	82.0	24640.0	8385.0	3238.0	5147.0
797939.0	445123.0	183937.0	2133.0	71002.0	40.0	57017.0	38687.0	3124.0	35563.0
826116.0	689821.0	41191.0	2894.0	40568.0	129.0	23587.0	27926.0	3584.0	24342.0
116447.0	108969.0	1467.0	459.0	405.0	0.0	1844.0	3303.0	572.0	2731.0
104239.0	98270.0	2368.0	565.0	467.0	0.0	449.0	2120.0	159.0	1961.0
154259.0	120923.0	21647.0	758.0	2882.0	20.0	2449.0	5580.0	519.0	5061.0
134128.0	109843.0	14591.0	555.0	2943.0	60.0	710.0	5426.0	242.0	5184.0
78443.0	73000.0	1461.0	67.0	1369.0	0.0	347.0	2199.0	439.0	1760.0
109027.0	94186.0	8143.0	764.0	2634.0	0.0	742.0	2558.0	286.0	2272.0
407385.0	303689.0	80612.0	1479.0	4257.0	155.0	1789.0	15404.0	628.0	14776.0
91807.0	86606.0	651.0	348.0	470.0	178.0	888.0	2666.0	0.0	2666.0
290186.0	217402.0	33776.0	891.0	19047.0	87.0	3512.0	15471.0	2155.0	13316.0
71063.0	62696.0	1646.0	2384.0	1264.0	0.0	321.0	2752.0	48.0	2704.0
158640.0	138817.0	12625.0	491.0	1444.0	12.0	464.0	4787.0	233.0	4554.0
262985.0	213751.0	28004.0	522.0	6890.0	303.0	1098.0	12417.0	679.0	11738.0
648594.0	518032.0	61593.0	2346.0	19330.0	184.0	21557.0	25552.0	3335.0	22217.0
88174.0	84153.0	1232.0	521.0	223.0	0.0	700.0	1345.0	199.0	1146.0
98623.0	91890.0	1795.0	746.0	264.0	55.0	924.0	2949.0	496.0	2453.0
189651.0	183050.0	941.0	594.0	1908.0	135.0	290.0	2733.0	36.0	2697.0
871375.0	702784.0	103697.0	2829.0	35972.0	527.0	7713.0	17853.0	1923.0	15930.0
66502.0	62136.0	1264.0	466.0	56.0	60.0	127.0	2393.0	20.0	2373.0
83411.0	78069.0	1214.0	554.0	2111.0	0.0	239.0	1224.0	221.0	1003.0
149649.0	140874.0	3447.0	883.0	1095.0	14.0	915.0	2421.0	151.0	2270.0
173693.0	139872.0	23676.0	794.0	920.0	16.0	675.0	7740.0	1137.0	6603.0
1250836.0	939162.0	170526.0	3694.0	90633.0	161.0	9846.0	36814.0	3201.0	33613.0
286383.0	258295.0	4083.0	1456.0	7807.0	0.0	7231.0	7511.0	1716.0	5795.0
191934.0	144047.0	36006.0	885.0	2103.0	0.0	2534.0	6359.0	1561.0	4798.0
159350.0	149230.0	3704.0	182.0	773.0	86.0	1013.0	4362.0	175.0	4187.0
68446.0	66067.0	421.0	167.0	141.0	9.0	80.0	1561.0	150.0	1411.0
75353.0	64859.0	2284.0	802.0	542.0	81.0	3704.0	3081.0	615.0	2466.0
367627.0	271554.0	42926.0	1200.0	33274.0	105.0	2316.0	16252.0	623.0	15629.0
1753616.0	930657.0	680499.0	5735.0	58440.0	134.0	32813.0	45338.0	3099.0	42239.0
351373.0	290028.0	21900.0	1863.0	15876.0	116.0	8709.0	12881.0	2105.0	10776.0
66973.0	60898.0	2315.0	0.0	1802.0	13.0	132.0	1813.0	125.0	1688.0
102119.0	94168.0	1754.0	355.0	2262.0	0.0	774.0	2806.0	57.0	2749.0
421751.0	345762.0	26730.0	1108.0	19966.0	491.0	11674.0	16020.0	1969.0	14051.0
1252024.0	895725.0	167646.0	10508.0	90495.0	265.0	43897.0	43488.0	5049.0	38439.0
154930.0	130111.0	9570.0	329.0	8327.0	0.0	1158.0	5435.0	503.0	4932.0
547974.0	362535.0	67086.0	3460.0	83579.0	123.0	12048.0	19143.0	1853.0	17290.0
65968.0	56946.0	3596.0	163.0	1624.0	82.0	2718.0	839.0	162.0	677.0
200000.0	184470.0	3409.0	3642.0	2180.0	88.0	563.0	5648.0	159.0	5489.0
145827.0	122558.0	6566.0	1261.0	9081.0	39.0	3211.0	3111.0	464.0	2647.0
94570.0	87215.0	2490.0	275.0	1262.0	0.0	1487.0	1841.0	79.0	1762.0
157822.0	139326.0	9654.0	335.0	3869.0	15.0	2124.0	2499.0	51.0	2448.0
256348.0	220308.0	12153.0	1083.0	15352.0	120.0	950.0	6382.0	769.0	5613.0
134286.0	126762.0	2498.0	571.0	1111.0	0.0	1023.0	2321.0	254.0	2067.0
178751.0	117315.0	47463.0	121.0	2430.0	0.0	5760.0	5662.0	433.0	5229.0
75471.0	44295.0	28120.0	251.0	762.0	0.0	155.0	1888.0	229.0	1659.0
205027.0	138916.0	52095.0	1066.0	6363.0	195.0	1306.0	5086.0	631.0	4455.0
239497.0	59820.0	175531.0	123.0	2024.0	18.0	639.0	1342.0	70.0	1272.0
142152.0	102064.0	32051.0	390.0	2685.0	384.0	2285.0	2293.0	234.0	2059.0
84933.0	57626.0	25438.0	220.0	860.0	0.0	161.0	628.0	30.0	598.0
104618.0	59067.0	40248.0	66.0	2354.0	0.0	2036.0	847.0	683.0	164.0
152080.0	114207.0	31117.0	97.0	2047.0	0.0	2432.0	2180.0	344.0	1836.0
178271.0	145366.0	14127.0	489.0	7569.0	1769.0	1492.0	7459.0	789.0	6670.0
89065.0	76775.0	3777.0	270.0	1200.0	1209.0	2501.0	3333.0	233.0	3100.0
78161.0	68552.0	6193.0	10.0	971.0	22.0	277.0	2136.0	289.0	1847.0
103724.0	93763.0	4218.0	945.0	663.0	100.0	2096.0	1939.0	127.0	1812.0
242874.0	206088.0	14319.0	1064.0	5771.0	0.0	4650.0	10982.0	1550.0	9432.0
76708.0	64224.0	9255.0	136.0	1235.0	0.0	157.0	1701.0	267.0	1434.0
103330.0	99338.0	874.0	316.0	656.0	0.0	346.0	1800.0	343.0	1457.0
289805.0	262687.0	8814.0	1083.0	6075.0	434.0	1409.0	9303.0	303.0	9000.0
698895.0	462000.0	163883.0	2698.0	14018.0	2254.0	34488.0	19554.0	928.0	18626.0
120217.0	107539.0	2418.0	2478.0	517.0	31.0	3098.0	4136.0	405.0	3731.0
223810.0	214836.0	1946.0	392.0	1468.0	80.0	71.0	5017.0	77.0	4940.0
101187.0	84831.0	5667.0	984.0	3270.0	254.0	877.0	5304.0	874.0	4430.0
395504.0	354807.0	15277.0	258.0	9876.0	0.0	1260.0	14026.0	922.0	13104.0
66705.0	61832.0	2411.0	367.0	596.0	0.0	441.0	1058.0	257.0	801.0
996726.0	674608.0	241023.0	1539.0	43613.0	217.0	10988.0	24738.0	1356.0	23382.0
308626.0	142956.0	144539.0	1196.0	10477.0	0.0	3537.0	5921.0	787.0	5134.0
81654.0	71284.0	1109.0	4071.0	533.0	28.0	822.0	3807.0	513.0	3294.0
100000.0	94051.0	79.0	1651.0	748.0	0.0	1014.0	2457.0	68.0	2389.0
107810.0	101167.0	178.0	1141.0	1063.0	14.0	1502.0	2745.0	174.0	2571.0
67773.0	63583.0	87.0	539.0	294.0	0.0	457.0	2813.0	0.0	2813.0
117441.0	107415.0	140.0	2711.0	1888.0	243.0	536.0	4508.0	579.0	3929.0
158980.0	143589.0	1236.0	6041.0	907.0	579.0	1327.0	5301.0	440.0	4861.0
561620.0	448115.0	61381.0	2358.0	21631.0	356.0	9385.0	18394.0	1109.0	17285.0
314358.0	270827.0	11792.0	2095.0	14122.0	174.0	4110.0	11238.0	903.0	10335.0
181439.0	158472.0	6062.0	761.0	5216.0	296.0	4690.0	5942.0	499.0	5443.0
2204079.0	1296594.0	258429.0	16275.0	224757.0	16380.0	283503.0	108141.0	17197.0	90944.0
460587.0	358987.0	10492.0	8417.0	25117.0	2928.0	32476.0	22170.0	4052.0	18118.0
75960.0	72438.0	1135.0	141.0	787.0	0.0	192.0	1267.0	71.0	1196.0
89386.0	82723.0	1114.0	169.0	3614.0	47.0	119.0	1600.0	125.0	1475.0
409697.0	367100.0	12484.0	445.0	16540.0	280.0	2453.0	10395.0	771.0	9624.0
149216.0	140437.0	2340.0	405.0	2970.0	0.0	282.0	2782.0	216.0	2566.0
306363.0	291639.0	2599.0	491.0	5998.0	0.0	957.0	4679.0	362.0	4317.0
128613.0	119382.0	1347.0	22.0	4398.0	0.0	235.0	3229.0	227.0	3002.0
269918.0	174454.0	38933.0	1934.0	23250.0	125.0	22087.0	9135.0	1952.0	7183.0
948406.0	681675.0	57359.0	1325.0	161307.0	744.0	21817.0	24179.0	4029.0	20150.0
448596.0	324376.0	78368.0	151.0	22557.0	304.0	6606.0	16234.0	1114.0	15120.0
510719.0	330346.0	96908.0	1394.0	29625.0	622.0	34974.0	16850.0	2865.0	13985.0
93553.0	85921.0	4270.0	41.0	654.0	0.0	842.0	1825.0	205.0	1620.0
152538.0	107450.0	31131.0	1569.0	2386.0	199.0	6103.0	3700.0	812.0	2888.0
808285.0	345870.0	321415.0	775.0	44333.0	506.0	76091.0	19295.0	4513.0	14782.0
292206.0	238405.0	30397.0	125.0	9036.0	116.0	6267.0	7860.0	2234.0	5626.0
691643.0	375365.0	80772.0	2660.0	108481.0	70.0	97592.0	26703.0	9706.0	16997.0
125059.0	113585.0	3175.0	109.0	5235.0	0.0	1179.0	1776.0	46.0	1730.0
374733.0	237298.0	78243.0	117.0	41449.0	94.0	7460.0	10072.0	1767.0	8305.0
842798.0	483880.0	87425.0	1857.0	211307.0	154.0	34796.0	23379.0	8407.0	14972.0
626351.0	514895.0	43140.0	1312.0	35766.0	0.0	18106.0	13132.0	2067.0	11065.0
499693.0	406647.0	17476.0	1433.0	53060.0	110.0	10271.0	10696.0	2043.0	8653.0
597943.0	541143.0	18755.0	360.0	12338.0	112.0	16287.0	8948.0	1332.0	7616.0
512607.0	336747.0	56046.0	746.0	27549.0	64.0	80677.0	10778.0	3696.0	7082.0
62792.0	50757.0	8812.0	362.0	420.0	0.0	1005.0	1436.0	191.0	1245.0
335432.0	228114.0	32683.0	290.0	62387.0	119.0	5727.0	6112.0	877.0	5235.0
141682.0	129803.0	3756.0	143.0	3603.0	0.0	2885.0	1492.0	301.0	1191.0
563892.0	310993.0	123985.0	1140.0	28984.0	432.0	86031.0	12327.0	4350.0	7977.0
106798.0	94514.0	4523.0	0.0	2534.0	0.0	1568.0	3659.0	344.0	3315.0
676773.0	521615.0	19273.0	33502.0	17249.0	627.0	59459.0	25048.0	7451.0	17597.0
64866.0	57382.0	941.0	339.0	20.0	0.0	3972.0	2212.0	217.0	1995.0
215579.0	184095.0	4639.0	1975.0	2064.0	114.0	17942.0	4750.0	1010.0	3740.0
68759.0	60490.0	2793.0	679.0	0.0	0.0	3298.0	1499.0	478.0	1021.0
72564.0	10559.0	567.0	55221.0	554.0	128.0	2064.0	3471.0	538.0	2933.0
65817.0	53443.0	1870.0	4261.0	700.0	266.0	2447.0	2830.0	695.0	2135.0
142507.0	107314.0	2343.0	18557.0	2111.0	135.0	6656.0	5391.0	1646.0	3745.0
126926.0	65216.0	1181.0	50014.0	849.0	74.0	5008.0	4584.0	770.0	3814.0
148750.0	124135.0	1689.0	4418.0	1935.0	318.0	13060.0	3195.0	681.0	2514.0
75940.0	62916.0	1130.0	2952.0	1454.0	0.0	4960.0	2528.0	697.0	1831.0
309612.0	231896.0	39413.0	577.0	21130.0	0.0	4337.0	12259.0	1283.0	10976.0
1471160.0	328383.0	517433.0	12908.0	57247.0	1570.0	505698.0	47921.0	18033.0	29888.0
193639.0	165668.0	11181.0	397.0	8895.0	90.0	1284.0	6124.0	853.0	5271.0
77348.0	71195.0	1099.0	2370.0	754.0	0.0	245.0	1685.0	130.0	1555.0
77603.0	70967.0	2879.0	7.0	410.0	0.0	561.0	2779.0	521.0	2258.0
129046.0	118064.0	3079.0	127.0	800.0	0.0	3769.0	3207.0	422.0	2785.0
85557.0	74963.0	6317.0	55.0	1677.0	0.0	698.0	1847.0	167.0	1680.0
80980.0	73166.0	3749.0	204.0	1167.0	128.0	1415.0	1151.0	85.0	1066.0
295568.0	232355.0	30371.0	946.0	11881.0	48.0	10066.0	9901.0	2137.0	7764.0
925528.0	716718.0	123182.0	4812.0	33896.0	234.0	20568.0	26118.0	4210.0	21908.0
114187.0	98132.0	7565.0	664.0	1591.0	293.0	1453.0	4489.0	288.0	4201.0
2648771.0	1145345.0	850150.0	7169.0	324552.0	711.0	241515.0	79329.0	17111.0	62218.0
63799.0	58682.0	2474.0	20.0	316.0	0.0	815.0	1492.0	433.0	1059.0
70965.0	66940.0	988.0	596.0	785.0	0.0	587.0	1069.0	123.0	946.0
747642.0	563542.0	114666.0	3537.0	29616.0	69.0	12669.0	23543.0	2730.0	20813.0
1369514.0	916648.0	161012.0	3453.0	134515.0	100.0	109696.0	44090.0	12801.0	31289.0
1664727.0	925117.0	247139.0	4847.0	207799.0	934.0	200412.0	78479.0	25951.0	52528.0
211328.0	185351.0	16271.0	2697.0	1850.0	0.0	1466.0	3693.0	153.0	3540.0
231332.0	197001.0	14495.0	566.0	10563.0	0.0	4193.0	4514.0	579.0	3935.0
465398.0	369735.0	53626.0	1768.0	19377.0	114.0	3844.0	16934.0	1965.0	14969.0
109899.0	100665.0	2438.0	471.0	1497.0	0.0	2413.0	2415.0	991.0	1424.0
382226.0	283643.0	42896.0	1488.0	9694.0	396.0	31864.0	12245.0	3805.0	8440.0
118478.0	113066.0	1266.0	231.0	914.0	0.0	477.0	2524.0	154.0	2370.0
99323.0	87125.0	2522.0	0.0	1919.0	38.0	4058.0	3661.0	614.0	3047.0
2358582.0	885312.0	427999.0	9181.0	617230.0	1286.0	339412.0	78162.0	30151.0	48011.0
159722.0	136267.0	9860.0	85.0	4503.0	112.0	2222.0	6673.0	225.0	6448.0
479458.0	351632.0	51411.0	1019.0	45761.0	0.0	20230.0	9405.0	2613.0	6792.0
328868.0	240807.0	40540.0	581.0	20214.0	0.0	17857.0	8869.0	2901.0	5968.0
109623.0	101455.0	3441.0	462.0	1272.0	113.0	1579.0	1301.0	220.0	1081.0
229869.0	212327.0	4587.0	723.0	6840.0	0.0	919.0	4473.0	625.0	3848.0
155565.0	121077.0	17374.0	306.0	7695.0	0.0	4130.0	4983.0	505.0	4478.0
96281.0	91448.0	1771.0	138.0	1377.0	0.0	303.0	1244.0	67.0	1177.0
1492953.0	1205031.0	124579.0	3142.0	59720.0	77.0	67447.0	32957.0	8423.0	24534.0
75485.0	59475.0	7564.0	166.0	1323.0	0.0	4800.0	2157.0	45.0	2112.0
104802.0	84625.0	3779.0	38.0	11486.0	104.0	864.0	3906.0	238.0	3668.0
179417.0	150195.0	10147.0	617.0	4370.0	0.0	6207.0	7881.0	1065.0	6816.0
64532.0	61580.0	898.0	66.0	564.0	0.0	146.0	1278.0	126.0	1152.0
90670.0	84050.0	2736.0	182.0	567.0	0.0	1002.0	2133.0	556.0	1577.0
980244.0	617675.0	144432.0	4863.0	61126.0	555.0	124352.0	27241.0	6711.0	20530.0
162391.0	113660.0	32313.0	589.0	2939.0	187.0	9762.0	2941.0	1020.0	1921.0
130897.0	110115.0	12848.0	691.0	415.0	0.0	3095.0	3733.0	189.0	3544.0
257607.0	228571.0	17295.0	1216.0	3273.0	0.0	2415.0	4837.0	729.0	4108.0
89293.0	78648.0	4896.0	498.0	3084.0	450.0	216.0	1501.0	0.0	1501.0
206872.0	149759.0	38807.0	810.0	8017.0	153.0	5562.0	3764.0	1162.0	2602.0
81981.0	72073.0	4609.0	295.0	375.0	47.0	4152.0	430.0	0.0	430.0
68881.0	61873.0	2950.0	231.0	256.0	138.0	359.0	3074.0	33.0	3041.0
157974.0	123204.0	11070.0	406.0	7298.0	0.0	11373.0	4623.0	156.0	4467.0
71472.0	57487.0	9325.0	0.0	988.0	0.0	2014.0	1658.0	0.0	1658.0
97334.0	73241.0	20114.0	36.0	922.0	0.0	1249.0	1772.0	48.0	1724.0
102578.0	70711.0	23171.0	123.0	3300.0	0.0	3717.0	1556.0	52.0	1504.0
332546.0	163947.0	123864.0	3772.0	9055.0	1429.0	9399.0	21080.0	1988.0	19092.0
165466.0	143274.0	12465.0	1420.0	2159.0	0.0	878.0	5270.0	175.0	5095.0
311640.0	163126.0	112143.0	606.0	14634.0	230.0	11001.0	9900.0	662.0	9238.0
376320.0	252635.0	98124.0	1329.0	9695.0	429.0	5759.0	8349.0	895.0	7454.0
66168.0	45335.0	15540.0	240.0	369.0	559.0	2672.0	1453.0	79.0	1374.0
220182.0	171805.0	36108.0	702.0	3406.0	401.0	2588.0	5172.0	184.0	4988.0
526953.0	294026.0	181326.0	2831.0	27306.0	218.0	9329.0	11917.0	1897.0	10020.0
132754.0	90318.0	28285.0	1480.0	1304.0	260.0	7546.0	3561.0	234.0	3327.0
115708.0	104744.0	4264.0	270.0	1557.0	0.0	2333.0	2540.0	790.0	1750.0
175711.0	143244.0	22076.0	316.0	3468.0	0.0	2560.0	4047.0	353.0	3694.0
196708.0	153046.0	30735.0	1894.0	669.0	0.0	4738.0	5626.0	1275.0	4351.0
82403.0	72383.0	4157.0	33.0	205.0	69.0	3565.0	1991.0	0.0	1991.0
1076837.0	577573.0	337103.0	4440.0	61859.0	440.0	62738.0	32684.0	1849.0	30835.0
97264.0	80296.0	11338.0	1073.0	413.0	0.0	1136.0	3008.0	0.0	3008.0
93991.0	49245.0	37998.0	385.0	494.0	52.0	3430.0	2387.0	605.0	1782.0
227198.0	183368.0	31119.0	599.0	2756.0	1124.0	3580.0	4652.0	415.0	4237.0
193893.0	144767.0	29402.0	903.0	5127.0	0.0	2510.0	11184.0	1078.0	10106.0
144946.0	108391.0	17107.0	417.0	12137.0	0.0	3402.0	3492.0	98.0	3394.0
179042.0	101786.0	62184.0	378.0	2826.0	176.0	6968.0	4724.0	220.0	4504.0
143282.0	119187.0	8375.0	688.0	1882.0	38.0	9857.0	3255.0	177.0	3078.0
132606.0	37469.0	31360.0	52084.0	586.0	142.0	7173.0	3792.0	627.0	3165.0
90949.0	70148.0	17912.0	205.0	298.0	0.0	1373.0	1013.0	0.0	1013.0
140644.0	107815.0	22620.0	213.0	1574.0	45.0	5939.0	2438.0	0.0	2438.0
66551.0	58111.0	5811.0	290.0	463.0	115.0	89.0	1672.0	0.0	1672.0
72224.0	65482.0	2675.0	282.0	514.0	155.0	1998.0	1118.0	73.0	1045.0
231366.0	186385.0	27340.0	196.0	6988.0	681.0	5415.0	4361.0	417.0	3944.0
1072203.0	700220.0	213025.0	3877.0	76162.0	425.0	49916.0	28578.0	3380.0	25198.0
124172.0	79126.0	37030.0	301.0	1143.0	56.0	1017.0	5499.0	903.0	4596.0
68576.0	62922.0	2820.0	642.0	337.0	42.0	665.0	1148.0	688.0	460.0
81671.0	43072.0	33216.0	350.0	648.0	0.0	3257.0	1128.0	301.0	827.0
95030.0	86605.0	2543.0	3674.0	685.0	0.0	114.0	1409.0	22.0	1387.0
177787.0	154466.0	9733.0	1780.0	5536.0	106.0	1706.0	4460.0	132.0	4328.0
70795.0	61390.0	3631.0	2083.0	2025.0	116.0	758.0	792.0	0.0	792.0
68946.0	60008.0	2913.0	1921.0	1154.0	318.0	619.0	2013.0	201.0	1812.0
103198.0	85419.0	11897.0	90.0	544.0	0.0	1081.0	4167.0	0.0	4167.0
97807.0	90708.0	4109.0	10.0	458.0	56.0	115.0	2351.0	443.0	1908.0
66597.0	60444.0	2005.0	0.0	1868.0	141.0	308.0	1831.0	17.0	1814.0
68029.0	63314.0	2744.0	108.0	146.0	0.0	209.0	1508.0	34.0	1474.0
380604.0	320733.0	29132.0	754.0	12742.0	15.0	4542.0	12686.0	550.0	12136.0
134557.0	117139.0	11060.0	371.0	885.0	23.0	293.0	4786.0	95.0	4691.0
204214.0	194700.0	3240.0	939.0	2696.0	192.0	0.0	2447.0	330.0	2117.0
1248514.0	776581.0	368034.0	3069.0	36335.0	343.0	22057.0	42095.0	4997.0	37098.0
200464.0	174893.0	6380.0	109.0	13654.0	37.0	600.0	4791.0	244.0	4547.0
74817.0	64350.0	7373.0	120.0	643.0	0.0	565.0	1766.0	234.0	1532.0
154733.0	133891.0	12300.0	137.0	3148.0	58.0	1469.0	3730.0	369.0	3361.0
1291981.0	857055.0	292363.0	3359.0	68794.0	386.0	23616.0	46408.0	3163.0	43245.0
93918.0	90928.0	1434.0	83.0	636.0	0.0	89.0	748.0	0.0	748.0
166752.0	142678.0	11028.0	252.0	5220.0	0.0	1530.0	6044.0	244.0	5800.0
813822.0	551344.0	206686.0	1218.0	21550.0	531.0	5978.0	26515.0	831.0	25684.0
75754.0	70351.0	1559.0	127.0	535.0	0.0	1007.0	2175.0	0.0	2175.0
230117.0	209060.0	10129.0	356.0	2783.0	277.0	2707.0	4805.0	26.0	4779.0
173448.0	159169.0	7112.0	335.0	1386.0	0.0	598.0	4848.0	875.0	3973.0
307924.0	261441.0	26032.0	1146.0	3369.0	0.0	2834.0	13102.0	886.0	12216.0
430887.0	310509.0	81970.0	1042.0	7345.0	323.0	10879.0	18819.0	2712.0	16107.0
229796.0	182971.0	32671.0	534.0	2517.0	44.0	2474.0	8585.0	537.0	8048.0
64967.0	58229.0	3090.0	205.0	505.0	0.0	503.0	2435.0	138.0	2297.0
178371.0	170708.0	2818.0	7.0	2425.0	0.0	70.0	2343.0	0.0	2343.0
105122.0	98654.0	2654.0	95.0	1359.0	0.0	86.0	2274.0	0.0	2274.0
531542.0	386360.0	108059.0	882.0	12036.0	0.0	6007.0	18198.0	648.0	17550.0
162277.0	146259.0	6704.0	189.0	3136.0	147.0	1499.0	4343.0	0.0	4343.0
120589.0	104149.0	10656.0	197.0	937.0	0.0	692.0	3958.0	539.0	3419.0
75929.0	71443.0	2840.0	109.0	315.0	0.0	306.0	916.0	66.0	850.0
372542.0	327731.0	24585.0	905.0	2389.0	43.0	1111.0	15778.0	1806.0	13972.0
541228.0	425327.0	80162.0	1516.0	18999.0	231.0	1345.0	13648.0	724.0	12924.0
200380.0	176108.0	16576.0	231.0	1098.0	0.0	460.0	5907.0	617.0	5290.0
228882.0	202530.0	7591.0	239.0	13617.0	0.0	683.0	4222.0	38.0	4184.0
116038.0	110156.0	857.0	97.0	1396.0	78.0	383.0	3071.0	544.0	2527.0
130492.0	120274.0	3002.0	117.0	2477.0	0.0	1481.0	3141.0	614.0	2527.0
139926.0	113542.0	3583.0	5001.0	4209.0	152.0	3627.0	9812.0	771.0	9041.0
279641.0	215971.0	14026.0	10267.0	11945.0	0.0	5039.0	22393.0	1244.0	21149.0
121526.0	75288.0	18354.0	6458.0	3241.0	657.0	3840.0	13688.0	585.0	13103.0
71704.0	57182.0	2026.0	9108.0	244.0	80.0	140.0	2924.0	0.0	2924.0
69086.0	39840.0	7038.0	13225.0	498.0	0.0	2940.0	5545.0	20.0	5525.0
787958.0	538530.0	119654.0	20086.0	27647.0	469.0	28068.0	53504.0	3378.0	50126.0
81575.0	65736.0	3562.0	2879.0	2935.0	38.0	566.0	5859.0	44.0	5815.0
72226.0	54711.0	2070.0	11426.0	217.0	141.0	407.0	3254.0	24.0	3230.0
91444.0	68092.0	996.0	11883.0	1401.0	96.0	1323.0	7653.0	170.0	7483.0
646266.0	452715.0	65529.0	32603.0	22709.0	838.0	23822.0	48050.0	1993.0	46057.0
78657.0	59093.0	2840.0	8343.0	1308.0	61.0	1143.0	5869.0	542.0	5327.0
90951.0	76925.0	1049.0	375.0	6294.0	303.0	1763.0	4242.0	275.0	3967.0
412672.0	363973.0	3126.0	3074.0	16813.0	1280.0	4805.0	19601.0	2465.0	17136.0
186875.0	176539.0	1077.0	704.0	2751.0	292.0	893.0	4619.0	299.0	4320.0
109405.0	100687.0	420.0	1091.0	697.0	35.0	788.0	5687.0	250.0	5437.0
217479.0	199449.0	580.0	3339.0	3030.0	121.0	3051.0	7909.0	342.0	7567.0
86352.0	79914.0	361.0	1036.0	542.0	0.0	1196.0	3303.0	89.0	3214.0
66935.0	58719.0	629.0	2773.0	861.0	0.0	747.0	3206.0	438.0	2768.0
374748.0	323643.0	3667.0	1998.0	11318.0	887.0	11412.0	21823.0	2159.0	19664.0
125047.0	113855.0	335.0	1277.0	1995.0	0.0	2376.0	5209.0	796.0	4413.0
341286.0	278886.0	3323.0	2584.0	7927.0	3187.0	23901.0	21478.0	1496.0	19982.0
807555.0	626905.0	44359.0	8449.0	59897.0	5003.0	20461.0	42481.0	2838.0	39643.0
83696.0	75900.0	1065.0	1399.0	2011.0	1188.0	725.0	1408.0	101.0	1307.0
76985.0	64373.0	946.0	3134.0	220.0	220.0	5265.0	2827.0	781.0	2046.0
588957.0	446384.0	12620.0	3731.0	62424.0	1546.0	29680.0	32572.0	5446.0	27126.0
105722.0	93261.0	1115.0	1492.0	1317.0	274.0	3752.0	4511.0	1159.0	3352.0
102336.0	94224.0	1192.0	0.0	1001.0	0.0	3024.0	2895.0	1069.0	1826.0
1223048.0	974521.0	154620.0	1710.0	46876.0	437.0	5521.0	39363.0	2593.0	36770.0
166140.0	149367.0	9726.0	273.0	716.0	224.0	609.0	5225.0	212.0	5013.0
417854.0	339051.0	27140.0	2530.0	6194.0	0.0	19329.0	23610.0	2644.0	20966.0
123457.0	117516.0	1839.0	86.0	506.0	0.0	748.0	2762.0	194.0	2568.0
628341.0	552398.0	26163.0	926.0	31060.0	0.0	7345.0	10449.0	1621.0	8828.0
187108.0	179865.0	1322.0	28.0	2277.0	59.0	95.0	3462.0	234.0	3228.0
133054.0	124342.0	4820.0	76.0	875.0	0.0	742.0	2199.0	366.0	1833.0
162660.0	141962.0	6749.0	148.0	11077.0	0.0	570.0	2154.0	384.0	1770.0
519293.0	443075.0	29921.0	355.0	29680.0	64.0	6349.0	9849.0	820.0	9029.0
79685.0	75051.0	3088.0	341.0	305.0	0.0	108.0	792.0	206.0	586.0
86159.0	82305.0	2104.0	152.0	335.0	131.0	259.0	873.0	10.0	863.0
250066.0	219512.0	9314.0	479.0	10958.0	28.0	2805.0	6970.0	886.0	6084.0
275710.0	194341.0	56338.0	567.0	11771.0	0.0	4360.0	8333.0	528.0	7805.0
564696.0	385543.0	119536.0	391.0	32927.0	665.0	8919.0	16715.0	2016.0	14699.0
274541.0	236901.0	19165.0	916.0	4838.0	47.0	3955.0	8719.0	1663.0	7056.0
131504.0	121719.0	5884.0	0.0	333.0	180.0	372.0	3016.0	246.0	2770.0
154234.0	143122.0	6753.0	302.0	1250.0	0.0	1004.0	1803.0	0.0	1803.0
84953.0	80324.0	1830.0	7.0	1218.0	11.0	264.0	1299.0	90.0	1209.0
210761.0	193469.0	5588.0	96.0	5881.0	89.0	1222.0	4416.0	710.0	3706.0
542903.0	483054.0	22555.0	364.0	12603.0	173.0	11348.0	12806.0	852.0	11954.0
87069.0	81047.0	2869.0	52.0	319.0	0.0	365.0	2417.0	0.0	2417.0
139754.0	120690.0	3416.0	151.0	2178.0	161.0	10864.0	2294.0	664.0	1630.0
366494.0	290937.0	26861.0	1486.0	12844.0	0.0	21216.0	13150.0	1580.0	11570.0
317343.0	280817.0	15601.0	341.0	4545.0	118.0	11432.0	4489.0	607.0	3882.0
113841.0	104782.0	5652.0	112.0	644.0	0.0	308.0	2343.0	49.0	2294.0
111750.0	101560.0	6938.0	255.0	733.0	9.0	609.0	1646.0	102.0	1544.0
168046.0	128453.0	24258.0	859.0	4255.0	0.0	5270.0	4951.0	1565.0	3386.0
826075.0	653389.0	79031.0	847.0	63010.0	93.0	10221.0	19484.0	1643.0	17841.0
303405.0	260162.0	19464.0	732.0	8693.0	0.0	5141.0	9213.0	1193.0	8020.0
92029.0	86841.0	3002.0	121.0	351.0	58.0	651.0	1005.0	0.0	1005.0
1580863.0	665060.0	663708.0	5742.0	115279.0	406.0	87287.0	43381.0	6241.0	37140.0
142569.0	133712.0	3933.0	211.0	581.0	0.0	1131.0	3001.0	381.0	2620.0
74501.0	70900.0	2003.0	15.0	91.0	25.0	238.0	1229.0	118.0	1111.0
207298.0	193401.0	7776.0	164.0	1906.0	0.0	713.0	3338.0	183.0	3155.0
352627.0	334051.0	8262.0	137.0	3242.0	0.0	399.0	6536.0	284.0	6252.0
446078.0	397989.0	25570.0	641.0	6951.0	302.0	2999.0	11626.0	732.0	10894.0
163760.0	151122.0	2255.0	97.0	5324.0	0.0	1541.0	3421.0	866.0	2555.0
83460.0	74578.0	3902.0	482.0	1726.0	0.0	615.0	2157.0	157.0	2000.0
637357.0	477587.0	58493.0	3701.0	26696.0	1128.0	43526.0	26226.0	7218.0	19008.0
126150.0	117358.0	1675.0	1271.0	2898.0	0.0	1523.0	1425.0	60.0	1365.0
168179.0	119316.0	41838.0	899.0	1853.0	0.0	1109.0	3164.0	92.0	3072.0
198759.0	159254.0	32700.0	526.0	1912.0	85.0	844.0	3438.0	585.0	2853.0
186844.0	141002.0	36478.0	138.0	2757.0	205.0	4066.0	2198.0	23.0	2175.0
217937.0	146907.0	52162.0	1067.0	4789.0	0.0	5232.0	7780.0	1015.0	6765.0
401438.0	276815.0	107685.0	535.0	4841.0	0.0	1396.0	10166.0	1199.0	8967.0
156456.0	105803.0	41428.0	588.0	2665.0	0.0	2393.0	3579.0	76.0	3503.0
138566.0	74254.0	59114.0	224.0	2275.0	51.0	1111.0	1537.0	8.0	1529.0
506837.0	373696.0	86658.0	1291.0	12035.0	4294.0	15052.0	13811.0	2921.0	10890.0
333268.0	270297.0	44562.0	948.0	4361.0	344.0	7472.0	5284.0	162.0	5122.0
66848.0	46491.0	16270.0	0.0	145.0	0.0	1792.0	2150.0	226.0	1924.0
290642.0	230485.0	44493.0	1052.0	5338.0	0.0	4373.0	4901.0	144.0	4757.0
77270.0	67196.0	5481.0	1735.0	686.0	0.0	834.0	1338.0	61.0	1277.0
87476.0	30211.0	54133.0	145.0	938.0	0.0	584.0	1465.0	0.0	1465.0
123479.0	108449.0	8761.0	195.0	2165.0	0.0	1789.0	2120.0	162.0	1958.0
411592.0	183910.0	195838.0	537.0	12145.0	518.0	9515.0	9129.0	648.0	8481.0
306854.0	223257.0	60280.0	252.0	7405.0	306.0	5970.0	9384.0	438.0	8946.0
106847.0	50529.0	50835.0	310.0	1382.0	212.0	1199.0	2380.0	0.0	2380.0
266439.0	197776.0	52691.0	1959.0	5516.0	273.0	3250.0	4974.0	931.0	4043.0
188616.0	162607.0	10001.0	3212.0	3762.0	104.0	1562.0	7368.0	36.0	7332.0
110141.0	91568.0	1199.0	9485.0	1556.0	542.0	989.0	4802.0	820.0	3982.0
76257.0	69020.0	1773.0	71.0	1207.0	0.0	1168.0	3018.0	0.0	3018.0
129929.0	122346.0	2981.0	419.0	1137.0	398.0	0.0	2648.0	83.0	2565.0
105560.0	93614.0	5503.0	118.0	1407.0	93.0	3303.0	1522.0	0.0	1522.0
691243.0	447669.0	185187.0	1507.0	24546.0	598.0	10086.0	21650.0	1577.0	20073.0
361613.0	273702.0	68670.0	647.0	8498.0	0.0	4832.0	5264.0	84.0	5180.0
461860.0	393661.0	41214.0	951.0	11527.0	0.0	6654.0	7853.0	304.0	7549.0
92163.0	77627.0	10249.0	0.0	1048.0	148.0	1081.0	2010.0	0.0	2010.0
200182.0	141330.0	39184.0	792.0	3663.0	871.0	3115.0	11227.0	1290.0	9937.0
77674.0	72346.0	1939.0	322.0	1177.0	0.0	919.0	971.0	86.0	885.0
70177.0	60959.0	4538.0	608.0	337.0	258.0	1653.0	1824.0	645.0	1179.0
317157.0	247022.0	47146.0	818.0	10840.0	0.0	1804.0	9527.0	593.0	8934.0
936961.0	366230.0	501621.0	1514.0	23830.0	1917.0	26413.0	15436.0	1005.0	14431.0
157158.0	147979.0	2926.0	241.0	839.0	93.0	1321.0	3759.0	423.0	3336.0
183545.0	161227.0	13745.0	880.0	2497.0	89.0	1838.0	3269.0	0.0	3269.0
127806.0	116058.0	5985.0	206.0	2386.0	0.0	792.0	2379.0	276.0	2103.0
226257.0	201922.0	9027.0	277.0	9301.0	0.0	844.0	4886.0	166.0	4720.0
136442.0	119705.0	9937.0	178.0	2776.0	107.0	2040.0	1699.0	154.0	1545.0
87805.0	70197.0	13998.0	225.0	1050.0	0.0	1852.0	483.0	253.0	230.0
84761.0	60565.0	7170.0	295.0	648.0	0.0	14870.0	1213.0	199.0	1014.0
347833.0	221697.0	81137.0	2453.0	11321.0	2678.0	10864.0	17683.0	2856.0	14827.0
1958578.0	1544827.0	152183.0	8639.0	51987.0	2543.0	130730.0	67669.0	15514.0	52155.0
94012.0	65602.0	23468.0	1095.0	711.0	0.0	740.0	2396.0	397.0	1999.0
362457.0	257337.0	51676.0	3208.0	23253.0	46.0	16343.0	10594.0	843.0	9751.0
222830.0	172921.0	23788.0	598.0	13105.0	33.0	5820.0	6565.0	1191.0	5374.0
423725.0	397815.0	1564.0	1128.0	3190.0	0.0	16706.0	3322.0	2547.0	775.0
969603.0	670746.0	94354.0	4280.0	142921.0	598.0	23959.0	32745.0	6033.0	26712.0
141009.0	130852.0	2610.0	459.0	1791.0	0.0	2138.0	3159.0	721.0	2438.0
74913.0	54389.0	10851.0	1258.0	1750.0	627.0	985.0	5053.0	423.0	4630.0
2618148.0	1618292.0	591052.0	9294.0	167282.0	1107.0	163582.0	67539.0	16507.0	51032.0
836210.0	626105.0	81973.0	4401.0	73861.0	566.0	20383.0	28921.0	6193.0	22728.0
157087.0	117040.0	6779.0	764.0	1942.0	277.0	24966.0	5319.0	1243.0	4076.0
173620.0	142527.0	15404.0	897.0	1333.0	216.0	4623.0	8620.0	363.0	8257.0
840410.0	628407.0	27504.0	4740.0	10834.0	812.0	146806.0	21307.0	5843.0	15464.0
764828.0	400091.0	156794.0	964.0	158051.0	0.0	32140.0	16788.0	5626.0	11162.0
335036.0	264334.0	42382.0	1461.0	12444.0	261.0	4424.0	9730.0	1062.0	8668.0
131140.0	115225.0	7174.0	1626.0	2122.0	33.0	971.0	3989.0	154.0	3835.0
123367.0	92085.0	24601.0	182.0	1408.0	375.0	1717.0	2999.0	140.0	2859.0
159659.0	112143.0	14081.0	293.0	2585.0	224.0	24722.0	5611.0	1791.0	3820.0
4652980.0	2969448.0	880266.0	18632.0	329588.0	2930.0	340142.0	111974.0	20269.0	91705.0
66661.0	48035.0	13979.0	232.0	564.0	0.0	1978.0	1873.0	1201.0	672.0
214485.0	187859.0	9325.0	1137.0	3218.0	123.0	6495.0	6328.0	1920.0	4408.0
81064.0	71898.0	5190.0	662.0	995.0	0.0	1620.0	699.0	245.0	454.0
860661.0	746379.0	4816.0	1726.0	9017.0	427.0	81211.0	17085.0	13286.0	3799.0
93872.0	75429.0	6257.0	1145.0	1189.0	113.0	6732.0	3007.0	290.0	2717.0
256299.0	148171.0	86581.0	624.0	9954.0	225.0	5154.0	5590.0	2040.0	3550.0
167301.0	154239.0	6910.0	312.0	1446.0	152.0	1292.0	2950.0	85.0	2865.0
122883.0	100421.0	13642.0	601.0	1340.0	249.0	3432.0	3198.0	485.0	2713.0
83658.0	64996.0	8749.0	356.0	334.0	22.0	8692.0	509.0	56.0	453.0
305225.0	254691.0	22805.0	3202.0	7070.0	259.0	10804.0	6394.0	1564.0	4830.0
251259.0	195426.0	36205.0	1849.0	4383.0	44.0	9531.0	3821.0	715.0	3106.0
165049.0	139975.0	11334.0	652.0	3560.0	0.0	8106.0	1422.0	390.0	1032.0
570934.0	494271.0	29571.0	1670.0	18574.0	73.0	15963.0	10812.0	2354.0	8458.0
65580.0	48180.0	11812.0	1424.0	803.0	0.0	1246.0	2115.0	0.0	2115.0
361221.0	328098.0	12992.0	1959.0	7659.0	137.0	4944.0	5432.0	2209.0	3223.0
85047.0	74132.0	7734.0	0.0	977.0	0.0	979.0	1225.0	61.0	1164.0
133463.0	125928.0	1391.0	756.0	394.0	290.0	1160.0	3544.0	209.0	3335.0
120458.0	94792.0	11990.0	619.0	6351.0	144.0	2936.0	3626.0	811.0	2815.0
134442.0	117074.0	4015.0	236.0	1539.0	87.0	4716.0	6775.0	1190.0	5585.0
96788.0	80338.0	6455.0	425.0	2158.0	0.0	4795.0	2617.0	813.0	1804.0
67215.0	61367.0	2326.0	17.0	319.0	84.0	1233.0	1869.0	557.0	1312.0
227727.0	176821.0	39238.0	591.0	4101.0	0.0	2969.0	4007.0	557.0	3450.0
2054475.0	1365771.0	339056.0	8583.0	110399.0	3761.0	165880.0	61025.0	9455.0	51570.0
136290.0	99197.0	11176.0	1033.0	3133.0	253.0	18933.0	2565.0	745.0	1820.0
118019.0	95656.0	5472.0	514.0	1308.0	108.0	12863.0	2098.0	175.0	1923.0
1226698.0	866322.0	101281.0	7940.0	82866.0	244.0	124347.0	43698.0	7643.0	36055.0
92084.0	80491.0	6252.0	519.0	415.0	0.0	2353.0	2054.0	151.0	1903.0
72245.0	52949.0	16575.0	922.0	464.0	0.0	366.0	969.0	322.0	647.0
274794.0	263746.0	659.0	569.0	1562.0	93.0	7249.0	916.0	314.0	602.0
132000.0	98759.0	14139.0	1798.0	2225.0	88.0	10174.0	4817.0	750.0	4067.0
547545.0	435271.0	32555.0	1333.0	35988.0	204.0	16467.0	25727.0	2756.0	22971.0
66181.0	61357.0	821.0	169.0	13.0	731.0	1237.0	1853.0	881.0	972.0
124438.0	114044.0	712.0	708.0	1990.0	415.0	2801.0	3768.0	87.0	3681.0
347637.0	314383.0	4871.0	1253.0	6796.0	1680.0	5308.0	13346.0	2424.0	10922.0
1135649.0	881021.0	21819.0	9864.0	46704.0	15672.0	121548.0	39021.0	10012.0	29009.0
67456.0	61009.0	425.0	517.0	450.0	327.0	2912.0	1816.0	209.0	1607.0
606425.0	551442.0	3979.0	3001.0	10025.0	6030.0	15736.0	16212.0	1651.0	14561.0
165662.0	149057.0	1280.0	318.0	3470.0	1608.0	7719.0	2210.0	298.0	1912.0
251769.0	220693.0	3016.0	1574.0	3432.0	435.0	13123.0	9496.0	1018.0	8478.0
162372.0	146563.0	4498.0	518.0	7597.0	0.0	453.0	2743.0	282.0	2461.0
107702.0	87742.0	10499.0	303.0	5939.0	0.0	822.0	2397.0	159.0	2238.0
234965.0	166594.0	22603.0	648.0	24948.0	0.0	12476.0	7696.0	513.0	7183.0
77974.0	69764.0	5350.0	108.0	911.0	0.0	575.0	1266.0	0.0	1266.0
343599.0	236443.0	79750.0	1382.0	12222.0	243.0	3549.0	10010.0	421.0	9589.0
1148433.0	702118.0	111307.0	3820.0	223364.0	693.0	51415.0	55716.0	6179.0	49537.0
86484.0	77885.0	3498.0	91.0	992.0	0.0	842.0	3176.0	482.0	2694.0
105923.0	91302.0	10109.0	289.0	1958.0	215.0	171.0	1879.0	0.0	1879.0
327898.0	183612.0	97517.0	336.0	27176.0	139.0	8236.0	10882.0	662.0	10220.0
398080.0	257106.0	32358.0	1412.0	75816.0	298.0	13011.0	18079.0	3485.0	14594.0
98559.0	85002.0	4535.0	935.0	6698.0	64.0	596.0	729.0	39.0	690.0
463023.0	255353.0	98510.0	1464.0	37618.0	274.0	42619.0	27185.0	4082.0	23103.0
93730.0	82754.0	5344.0	0.0	3326.0	0.0	622.0	1684.0	274.0	1410.0
80227.0	73720.0	2710.0	30.0	703.0	234.0	368.0	2462.0	782.0	1680.0
133033.0	95025.0	19618.0	1023.0	3542.0	0.0	6046.0	7779.0	2072.0	5707.0
146649.0	101964.0	23414.0	698.0	3604.0	143.0	6588.0	10238.0	605.0	9633.0
67739.0	50501.0	8501.0	0.0	3613.0	315.0	1105.0	3704.0	96.0	3608.0
160035.0	98509.0	37374.0	595.0	9296.0	60.0	7913.0	6288.0	1371.0	4917.0
240397.0	146245.0	73562.0	580.0	7690.0	71.0	2064.0	10185.0	1018.0	9167.0
134669.0	54485.0	66723.0	436.0	3334.0	159.0	3311.0	6221.0	639.0	5582.0
80995.0	52171.0	22349.0	555.0	2168.0	31.0	903.0	2818.0	920.0	1898.0
179388.0	87810.0	72769.0	928.0	5799.0	159.0	2646.0	9277.0	578.0	8699.0
244703.0	113412.0	101382.0	1095.0	8664.0	137.0	8186.0	11827.0	1141.0	10686.0
94572.0	37326.0	50430.0	494.0	1294.0	70.0	1165.0	3793.0	135.0	3658.0
227032.0	103616.0	107022.0	90.0	4645.0	0.0	3375.0	8284.0	621.0	7663.0
99837.0	61187.0	28160.0	337.0	3141.0	0.0	2192.0	4820.0	117.0	4703.0
90237.0	46675.0	37496.0	323.0	2023.0	0.0	303.0	3417.0	370.0	3047.0
450435.0	294819.0	85486.0	1123.0	30751.0	365.0	11525.0	26366.0	1752.0	24614.0
198171.0	164430.0	3095.0	2536.0	6642.0	0.0	15480.0	5988.0	523.0	5465.0
76533.0	63002.0	275.0	476.0	862.0	130.0	9221.0	2567.0	723.0	1844.0
75474.0	65698.0	780.0	3829.0	1450.0	30.0	586.0	3101.0	396.0	2705.0
474643.0	403992.0	8423.0	2058.0	23555.0	3284.0	10225.0	23106.0	1434.0	21672.0
106910.0	94789.0	1869.0	1120.0	1362.0	413.0	765.0	6592.0	316.0	6276.0
92125.0	63484.0	1654.0	2662.0	2356.0	699.0	16341.0	4929.0	2131.0	2798.0
95158.0	61861.0	257.0	2341.0	1219.0	0.0	26293.0	3187.0	1665.0	1522.0
72697.0	63735.0	717.0	3120.0	1335.0	117.0	729.0	2944.0	121.0	2823.0
83159.0	69586.0	3054.0	1180.0	4337.0	296.0	979.0	3727.0	198.0	3529.0
2188649.0	1397976.0	136200.0	10139.0	381911.0	17166.0	103883.0	141374.0	14157.0	127217.0
266414.0	217572.0	6892.0	3062.0	15082.0	2366.0	4944.0	16496.0	1011.0	15485.0
78200.0	70008.0	310.0	525.0	1193.0	184.0	1467.0	4513.0	877.0	3636.0
876764.0	643294.0	60166.0	9818.0	52764.0	14001.0	24187.0	72534.0	5391.0	67143.0
125619.0	101932.0	944.0	2150.0	2239.0	381.0	13420.0	4553.0	166.0	4387.0
801633.0	604112.0	23136.0	6004.0	87361.0	3370.0	22898.0	54752.0	5344.0	49408.0
506152.0	445297.0	7131.0	6855.0	11346.0	2907.0	6622.0	25994.0	1355.0	24639.0
280588.0	227553.0	8319.0	2914.0	16013.0	1669.0	3961.0	20159.0	1299.0	18860.0
221404.0	186032.0	2493.0	6887.0	8851.0	575.0	5452.0	11114.0	1357.0	9757.0
250193.0	192331.0	1484.0	10379.0	2263.0	65.0	35546.0	8125.0	1217.0	6908.0
114920.0	97846.0	8928.0	0.0	1364.0	0.0	3391.0	3391.0	351.0	3040.0
94958.0	85601.0	4907.0	222.0	1230.0	43.0	1335.0	1620.0	0.0	1620.0
67811.0	64196.0	1480.0	0.0	499.0	0.0	52.0	1584.0	0.0	1584.0
183293.0	161550.0	14019.0	221.0	1999.0	0.0	550.0	4954.0	167.0	4787.0
105030.0	93447.0	4171.0	145.0	3681.0	0.0	867.0	2719.0	543.0	2176.0
262052.0	220180.0	6459.0	6847.0	8417.0	0.0	12177.0	7972.0	1071.0	6901.0
536416.0	449099.0	27177.0	1634.0	32736.0	371.0	9300.0	16099.0	1375.0	14724.0
87786.0	81860.0	3003.0	194.0	490.0	26.0	839.0	1374.0	332.0	1042.0
103671.0	95563.0	972.0	462.0	2521.0	2068.0	91.0	1994.0	125.0	1869.0
102548.0	94793.0	1896.0	439.0	1291.0	0.0	2248.0	1881.0	562.0	1319.0
84832.0	80127.0	821.0	83.0	560.0	31.0	1481.0	1729.0	143.0	1586.0
168521.0	142274.0	12140.0	652.0	1731.0	253.0	5226.0	6245.0	710.0	5535.0
118274.0	107761.0	2148.0	210.0	5338.0	0.0	469.0	2348.0	264.0	2084.0
79175.0	74746.0	662.0	179.0	2818.0	0.0	84.0	686.0	41.0	645.0
135732.0	122343.0	1433.0	448.0	8034.0	0.0	1575.0	1899.0	146.0	1753.0
952085.0	558971.0	251953.0	4817.0	42125.0	212.0	56918.0	37089.0	9691.0	27398.0
186059.0	166716.0	3127.0	2820.0	6988.0	76.0	3418.0	2914.0	358.0	2556.0
88429.0	82665.0	1252.0	217.0	1628.0	150.0	689.0	1828.0	114.0	1714.0
70474.0	65711.0	519.0	67.0	2353.0	0.0	867.0	957.0	66.0	891.0
196071.0	160529.0	20987.0	788.0	2248.0	91.0	4486.0	6942.0	384.0	6558.0
162309.0	141114.0	7064.0	432.0	1961.0	182.0	5856.0	5700.0	684.0	5016.0
88703.0	84541.0	989.0	130.0	560.0	0.0	728.0	1755.0	188.0	1567.0
115344.0	100958.0	2111.0	328.0	6537.0	8.0	2579.0	2823.0	649.0	2174.0
103082.0	95248.0	880.0	263.0	483.0	382.0	2337.0	3489.0	826.0	2663.0
135101.0	128551.0	1666.0	450.0	1922.0	0.0	1062.0	1450.0	39.0	1411.0
400621.0	369637.0	7380.0	947.0	13906.0	60.0	2819.0	5872.0	820.0	5052.0
170414.0	157101.0	3584.0	742.0	4206.0	98.0	885.0	3798.0	164.0	3634.0
73126.0	68202.0	297.0	219.0	1544.0	0.0	1263.0	1601.0	0.0	1601.0
98327.0	87874.0	2440.0	981.0	844.0	0.0	2481.0	3707.0	525.0	3182.0
