186717.0	162171.0	18524.0	401.0	1464.0	0.0	1721.0	2436.0	0.0	2436.0
117797.0	88358.0	25428.0	147.0	110.0	0.0	1223.0	2531.0	567.0	1964.0
80536.0	76442.0	992.0	455.0	351.0	40.0	968.0	1288.0	320.0	968.0
71375.0	64518.0	1466.0	818.0	107.0	0.0	2962.0	1504.0	47.0	1457.0
104303.0	84403.0	16328.0	173.0	856.0	220.0	1146.0	1177.0	173.0	1004.0
102369.0	71328.0	26489.0	323.0	701.0	17.0	1685.0	1826.0	86.0	1740.0
658931.0	346566.0	278920.0	1694.0	10395.0	26.0	17302.0	4028.0	172.0	3856.0
92781.0	80740.0	10110.0	155.0	627.0	0.0	334.0	815.0	40.0	775.0
143468.0	101250.0	33808.0	65.0	4044.0	0.0	1854.0	2447.0	106.0	2341.0
85369.0	69208.0	11994.0	502.0	400.0	0.0	2133.0	1132.0	169.0	963.0
340111.0	234068.0	82329.0	2057.0	7805.0	626.0	2994.0	10232.0	911.0	9321.0
94166.0	86656.0	2080.0	271.0	513.0	30.0	3265.0	1351.0	7.0	1344.0
412577.0	249423.0	143823.0	3796.0	7476.0	112.0	2992.0	4955.0	290.0	4665.0
232032.0	94826.0	127067.0	1071.0	5178.0	0.0	1341.0	2549.0	433.0	2116.0
119953.0	99466.0	15103.0	385.0	151.0	382.0	2342.0	2124.0	0.0	2124.0
84398.0	75722.0	6753.0	584.0	609.0	20.0	114.0	596.0	0.0	596.0
197936.0	165006.0	22795.0	519.0	4337.0	0.0	3865.0	1414.0	299.0	1115.0
197211.0	132893.0	60060.0	96.0	2763.0	0.0	504.0	895.0	51.0	844.0
66661.0	60645.0	3423.0	119.0	139.0	0.0	682.0	1653.0	61.0	1592.0
295570.0	196444.0	16294.0	19194.0	23872.0	6145.0	3140.0	30481.0	2778.0	27703.0
99192.0	75684.0	4606.0	6641.0	2460.0	259.0	1927.0	7615.0	204.0	7411.0
91946.0	78034.0	364.0	5661.0	1438.0	232.0	810.0	5407.0	34.0	5373.0
72401.0	17330.0	339.0	51383.0	552.0	398.0	1332.0	1067.0	0.0	1067.0
133289.0	97616.0	5101.0	1554.0	2327.0	384.0	16679.0	9628.0	4090.0	5538.0
134511.0	83427.0	1827.0	36926.0	1894.0	60.0	6083.0	4294.0	1858.0	2436.0
3880244.0	3160235.0	194407.0	73511.0	133072.0	7880.0	206022.0	105117.0	22821.0	82296.0
202351.0	178872.0	2525.0	4439.0	1383.0	209.0	3179.0	11744.0	2059.0	9685.0
107398.0	53175.0	426.0	46764.0	831.0	0.0	2388.0	3814.0	630.0	3184.0
989569.0	790968.0	37575.0	31790.0	26930.0	1657.0	72730.0	27919.0	8261.0	19658.0
382992.0	296684.0	17137.0	19500.0	5616.0	848.0	28510.0	14697.0	3706.0	10991.0
211888.0	193972.0	1321.0	3932.0	1742.0	107.0	4068.0	6746.0	2355.0	4391.0
200870.0	151897.0	4077.0	3543.0	2592.0	54.0	34602.0	4105.0	1167.0	2938.0
227556.0	197847.0	2758.0	2482.0	6433.0	1392.0	9977.0	6667.0	684.0	5983.0
98315.0	81188.0	13764.0	192.0	1179.0	195.0	374.0	1423.0	621.0	802.0
116342.0	98641.0	12793.0	429.0	888.0	31.0	1146.0	2414.0	238.0	2176.0
97124.0	82215.0	9213.0	685.0	66.0	0.0	3251.0	1694.0	76.0	1618.0
76246.0	32293.0	42432.0	95.0	314.0	487.0	137.0	488.0	0.0	488.0
69341.0	61354.0	4584.0	637.0	734.0	0.0	1598.0	434.0	0.0	434.0
386299.0	227320.0	136571.0	897.0	7356.0	163.0	6407.0	7585.0	534.0	7051.0
109526.0	100247.0	5676.0	652.0	959.0	0.0	402.0	1590.0	199.0	1391.0
127127.0	104720.0	7589.0	1560.0	5525.0	227.0	1694.0	5812.0	1099.0	4713.0
207521.0	165071.0	6627.0	3260.0	4987.0	4039.0	17687.0	5850.0	586.0	5264.0
78167.0	70750.0	3275.0	156.0	0.0	0.0	1988.0	1998.0	0.0	1998.0
1529875.0	712457.0	188988.0	6567.0	406047.0	13018.0	118752.0	84046.0	20602.0	63444.0
220266.0	183279.0	3180.0	2411.0	9854.0	293.0	6127.0	15122.0	2321.0	12801.0
1066096.0	680808.0	97747.0	6084.0	149806.0	5048.0	68003.0	58600.0	8791.0	49809.0
180938.0	156775.0	1474.0	3184.0	6925.0	56.0	6332.0	6192.0	719.0	5473.0
942904.0	521076.0	46529.0	9999.0	90274.0	1855.0	235921.0	37250.0	12424.0	24826.0
134761.0	112161.0	1666.0	7113.0	2299.0	811.0	2986.0	7725.0	1133.0	6592.0
177057.0	117987.0	6061.0	3716.0	2723.0	104.0	39652.0	6814.0	2489.0	4325.0
851710.0	642708.0	49959.0	11778.0	36349.0	1021.0	81283.0	28612.0	7540.0	21072.0
153765.0	114381.0	9022.0	2108.0	5620.0	1187.0	14140.0	7307.0	1565.0	5742.0
64323.0	52588.0	944.0	3998.0	939.0	233.0	4101.0	1520.0	652.0	868.0
9889056.0	5370000.0	826465.0	45496.0	1362032.0	27402.0	1889263.0	368398.0	105420.0	262978.0
152925.0	126065.0	4772.0	2355.0	3285.0	1322.0	11573.0	3553.0	1349.0	2204.0
255031.0	199725.0	7849.0	422.0	14746.0	277.0	22027.0	9985.0	2218.0	7767.0
87553.0	71201.0	742.0	5361.0	1557.0	20.0	5701.0	2971.0	193.0	2778.0
259898.0	181378.0	9212.0	2394.0	19127.0	585.0	38094.0	9108.0	3121.0	5987.0
421898.0	309978.0	12540.0	2971.0	26257.0	2371.0	54135.0	13646.0	2738.0	10908.0
138088.0	112259.0	2312.0	559.0	10323.0	88.0	7481.0	5066.0	1160.0	3906.0
98612.0	90377.0	400.0	614.0	1578.0	60.0	2744.0	2839.0	438.0	2401.0
3055745.0	1945608.0	52328.0	11450.0	557905.0	8968.0	384592.0	94894.0	22653.0	72241.0
357138.0	301930.0	4163.0	2147.0	22533.0	273.0	10398.0	15694.0	2059.0	13635.0
2239620.0	1493089.0	144097.0	24685.0	135636.0	7065.0	354858.0	80190.0	23828.0	56362.0
1436105.0	861504.0	142991.0	13358.0	206035.0	14090.0	104841.0	93286.0	12806.0	80480.0
2065377.0	1289803.0	167475.0	17765.0	131737.0	6775.0	357451.0	94371.0	22124.0	72247.0
3140069.0	2239511.0	157969.0	21539.0	346972.0	12682.0	211703.0	149693.0	26006.0	123687.0
812826.0	408583.0	48564.0	2791.0	272088.0	3703.0	44329.0	32768.0	6011.0	26757.0
696214.0	426429.0	52901.0	6667.0	99119.0	4075.0	66352.0	40671.0	7973.0	32698.0
271969.0	227770.0	6407.0	2106.0	10608.0	43.0	16191.0	8844.0	866.0	7978.0
727209.0	427914.0	20120.0	1829.0	182693.0	10693.0	51024.0	32936.0	5228.0	27708.0
426878.0	327523.0	7605.0	3944.0	21178.0	821.0	47916.0	17891.0	5166.0	12725.0
1809378.0	929773.0	48244.0	10991.0	582676.0	7115.0	150143.0	80436.0	15679.0	64757.0
264298.0	218307.0	2861.0	1379.0	11806.0	133.0	20748.0	9064.0	1714.0	7350.0
177774.0	155742.0	1730.0	4543.0	3432.0	435.0	3840.0	8052.0	682.0	7370.0
416471.0	223832.0	58367.0	2751.0	61718.0	3467.0	37706.0	28630.0	5751.0	22879.0
488116.0	394356.0	7425.0	6373.0	20438.0	1892.0	38942.0	18690.0	4176.0	14514.0
518522.0	402051.0	15402.0	6342.0	28029.0	3552.0	39958.0	23188.0	6774.0	16414.0
94919.0	63062.0	2323.0	1332.0	13054.0	279.0	8939.0	5930.0	716.0	5214.0
449253.0	360239.0	9100.0	6813.0	16694.0	78.0	39663.0	16666.0	6076.0	10590.0
831771.0	632500.0	16357.0	5733.0	58347.0	1343.0	81816.0	35675.0	8256.0	27419.0
202054.0	132716.0	6066.0	3580.0	26062.0	1340.0	19871.0	12419.0	3186.0	9233.0
72578.0	50201.0	2714.0	1192.0	4913.0	176.0	8446.0	4936.0	1303.0	3633.0
451443.0	367203.0	14610.0	4316.0	18286.0	0.0	29363.0	17665.0	5537.0	12128.0
584948.0	440892.0	59327.0	4001.0	28339.0	1399.0	25151.0	25839.0	6664.0	19175.0
299378.0	267138.0	2747.0	1108.0	11710.0	41.0	7211.0	9423.0	1129.0	8294.0
619968.0	445187.0	59801.0	8364.0	23046.0	765.0	60844.0	21961.0	5899.0	16062.0
292167.0	266829.0	3302.0	1111.0	10953.0	75.0	1843.0	8054.0	604.0	7450.0
636963.0	521477.0	37949.0	3550.0	17519.0	2795.0	22897.0	30776.0	3647.0	27129.0
539884.0	493900.0	5421.0	3342.0	13145.0	243.0	7512.0	16321.0	1754.0	14567.0
305525.0	276672.0	2341.0	2328.0	7132.0	114.0	9116.0	7822.0	2199.0	5623.0
147083.0	131832.0	1023.0	1403.0	1030.0	59.0	6776.0	4960.0	1587.0	3373.0
160545.0	130748.0	3419.0	4901.0	1131.0	82.0	13839.0	6425.0	2625.0	3800.0
258638.0	235532.0	2828.0	2325.0	3862.0	143.0	8525.0	5423.0	1013.0	4410.0
925899.0	690728.0	101745.0	1488.0	45056.0	250.0	68650.0	17982.0	5880.0	12102.0
894705.0	653810.0	118106.0	2109.0	40331.0	570.0	55908.0	23871.0	5929.0	17942.0
188789.0	178635.0	1744.0	463.0	2710.0	0.0	1367.0	3870.0	486.0	3384.0
166043.0	147929.0	7861.0	0.0	3676.0	0.0	1526.0	5051.0	869.0	4182.0
861113.0	645740.0	106726.0	1897.0	31390.0	380.0	55633.0	19347.0	4756.0	14591.0
273502.0	225704.0	14618.0	1406.0	11021.0	216.0	8445.0	12092.0	2361.0	9731.0
152507.0	136693.0	6150.0	0.0	5510.0	0.0	1771.0	2383.0	235.0	2148.0
118151.0	107932.0	2733.0	118.0	1387.0	0.0	1993.0	3988.0	634.0	3354.0
164834.0	111537.0	39141.0	842.0	3695.0	0.0	2139.0	7480.0	699.0	6781.0
541971.0	362683.0	128497.0	912.0	24087.0	0.0	12552.0	13240.0	1849.0	11391.0
200330.0	162460.0	26261.0	1040.0	2148.0	22.0	4991.0	3408.0	0.0	3408.0
617996.0	246505.0	309845.0	1956.0	22510.0	0.0	24420.0	12760.0	1315.0	11445.0
249365.0	174748.0	51383.0	963.0	12942.0	251.0	3028.0	6050.0	665.0	5385.0
169856.0	140115.0	18600.0	607.0	2889.0	0.0	1069.0	6576.0	34.0	6542.0
543566.0	452224.0	54313.0	1667.0	9205.0	515.0	9144.0	16498.0	2185.0	14313.0
1780172.0	1144928.0	480872.0	5130.0	60313.0	363.0	48744.0	39822.0	9681.0	30141.0
160511.0	146835.0	8444.0	175.0	2226.0	0.0	33.0	2798.0	299.0	2499.0
140031.0	131058.0	4549.0	405.0	1322.0	0.0	197.0	2500.0	262.0	2238.0
192370.0	159247.0	20188.0	745.0	5765.0	154.0	1514.0	4757.0	562.0	4195.0
328134.0	284743.0	22331.0	110.0	4064.0	46.0	13020.0	3820.0	816.0	3004.0
67485.0	51950.0	12638.0	508.0	244.0	0.0	880.0	1265.0	115.0	1150.0
870709.0	538380.0	256895.0	2928.0	35617.0	464.0	10035.0	26390.0	5654.0	20736.0
299114.0	207237.0	65600.0	1608.0	7957.0	643.0	2603.0	13466.0	2164.0	11302.0
97376.0	77457.0	12533.0	0.0	867.0	0.0	5045.0	1474.0	545.0	929.0
173094.0	157048.0	9727.0	330.0	2231.0	0.0	1462.0	2296.0	256.0	2040.0
98630.0	81538.0	9318.0	35.0	1626.0	258.0	4181.0	1674.0	639.0	1035.0
1267775.0	910724.0	213857.0	9203.0	43129.0	1890.0	50697.0	38275.0	8840.0	29435.0
138894.0	121810.0	12936.0	32.0	1322.0	0.0	353.0	2441.0	421.0	2020.0
301019.0	252476.0	28684.0	1255.0	5867.0	0.0	4907.0	7830.0	3352.0	4478.0
631330.0	528766.0	49838.0	3975.0	9681.0	0.0	28916.0	10154.0	2196.0	7958.0
277971.0	173797.0	84090.0	1151.0	8544.0	0.0	3213.0	7176.0	1313.0	5863.0
327142.0	266743.0	29620.0	701.0	5140.0	0.0	19605.0	5333.0	658.0	4675.0
332529.0	271790.0	42561.0	1131.0	4130.0	150.0	5738.0	7029.0	997.0	6032.0
147495.0	129333.0	7843.0	696.0	951.0	0.0	5246.0	3426.0	803.0	2623.0
2554766.0	1918990.0	485585.0	5981.0	39427.0	651.0	69865.0	34267.0	12413.0	21854.0
73873.0	66639.0	5266.0	338.0	363.0	0.0	740.0	527.0	60.0	467.0
74195.0	66563.0	4924.0	217.0	298.0	137.0	226.0	1830.0	495.0	1335.0
183482.0	147862.0	14016.0	657.0	5511.0	232.0	3136.0	12068.0	1582.0	10486.0
1169107.0	765820.0	239598.0	3790.0	59748.0	1588.0	69416.0	29147.0	5781.0	23366.0
276163.0	211636.0	28712.0	359.0	6978.0	0.0	16347.0	12131.0	4363.0	7768.0
1335187.0	1024697.0	228121.0	2924.0	31392.0	513.0	22138.0	25402.0	4356.0	21046.0
466457.0	417384.0	23211.0	1338.0	9000.0	798.0	4927.0	9799.0	3328.0	6471.0
917398.0	762567.0	94234.0	2073.0	27898.0	873.0	11460.0	18293.0	2174.0	16119.0
609492.0	481426.0	90400.0	1392.0	10877.0	236.0	15815.0	9346.0	1264.0	8082.0
74041.0	57509.0	12179.0	0.0	70.0	192.0	2152.0	1939.0	0.0	1939.0
195823.0	175268.0	10830.0	242.0	2962.0	1391.0	1254.0	3876.0	62.0	3814.0
280379.0	202522.0	51775.0	838.0	3655.0	0.0	12600.0	8989.0	1054.0	7935.0
154104.0	133674.0	8010.0	1549.0	3433.0	314.0	2392.0	4732.0	324.0	4408.0
382213.0	349137.0	18472.0	959.0	4955.0	222.0	3389.0	5079.0	628.0	4451.0
425071.0	342008.0	48279.0	709.0	16428.0	327.0	5587.0	11733.0	1117.0	10616.0
97756.0	85270.0	9519.0	265.0	330.0	118.0	1412.0	842.0	293.0	549.0
494804.0	397274.0	51680.0	3206.0	8940.0	197.0	23984.0	9523.0	3891.0	5632.0
69912.0	57110.0	8580.0	472.0	2019.0	0.0	879.0	852.0	0.0	852.0
100421.0	85867.0	9846.0	566.0	401.0	36.0	697.0	3008.0	0.0	3008.0
156433.0	69080.0	79301.0	128.0	2027.0	235.0	811.0	4851.0	291.0	4560.0
72881.0	48080.0	20311.0	167.0	1144.0	0.0	2104.0	1075.0	57.0	1018.0
271544.0	147954.0	107244.0	105.0	6674.0	248.0	3952.0	5367.0	256.0	5111.0
218286.0	187708.0	13802.0	840.0	3711.0	0.0	7564.0	4661.0	779.0	3882.0
117344.0	78325.0	29726.0	171.0	4814.0	16.0	1144.0	3148.0	272.0	2876.0
261532.0	61374.0	173552.0	682.0	12978.0	58.0	7999.0	4889.0	825.0	4064.0
697553.0	442684.0	179411.0	2297.0	30660.0	346.0	27794.0	14361.0	2520.0	11841.0
128112.0	97195.0	21259.0	299.0	5555.0	0.0	1777.0	2027.0	450.0	1577.0
129629.0	101851.0	23235.0	169.0	2517.0	0.0	137.0	1720.0	306.0	1414.0
699893.0	245747.0	373305.0	2234.0	36004.0	1812.0	26115.0	14676.0	1779.0	12897.0
94788.0	28633.0	63733.0	55.0	470.0	0.0	354.0	1543.0	0.0	1543.0
133355.0	73505.0	51134.0	52.0	2157.0	0.0	2635.0	3872.0	236.0	3636.0
107784.0	77798.0	21729.0	262.0	3694.0	0.0	1179.0	3122.0	404.0	2718.0
95989.0	76200.0	13283.0	985.0	1302.0	109.0	2486.0	1624.0	61.0	1563.0
181840.0	155328.0	4466.0	167.0	12940.0	0.0	6046.0	2893.0	0.0	2893.0
949599.0	444305.0	420173.0	2156.0	53931.0	868.0	13143.0	15023.0	1506.0	13517.0
80386.0	53593.0	21663.0	118.0	1095.0	0.0	3027.0	890.0	284.0	606.0
824941.0	425124.0	199841.0	3768.0	86368.0	163.0	83956.0	25721.0	4192.0	21529.0
183052.0	156671.0	15124.0	171.0	3094.0	179.0	6316.0	1497.0	291.0	1206.0
207360.0	116273.0	75090.0	95.0	6471.0	0.0	3359.0	6072.0	0.0	6072.0
143925.0	88421.0	41696.0	62.0	4146.0	0.0	6599.0	3001.0	0.0	3001.0
65451.0	32879.0	26014.0	379.0	1686.0	49.0	2343.0	2101.0	17.0	2084.0
111885.0	65319.0	40222.0	29.0	1467.0	115.0	1437.0	3296.0	705.0	2591.0
194107.0	89062.0	86643.0	502.0	4538.0	267.0	5363.0	7732.0	1376.0	6356.0
100814.0	56713.0	40929.0	13.0	871.0	17.0	452.0	1819.0	0.0	1819.0
201217.0	80408.0	108618.0	330.0	3755.0	319.0	2091.0	5696.0	654.0	5042.0
85765.0	38499.0	40652.0	96.0	1835.0	0.0	3901.0	782.0	58.0	724.0
67764.0	41456.0	23197.0	0.0	1258.0	0.0	1251.0	602.0	101.0	501.0
68848.0	63406.0	3603.0	227.0	607.0	0.0	468.0	537.0	347.0	190.0
103184.0	88501.0	5455.0	214.0	284.0	0.0	6283.0	2447.0	416.0	2031.0
186738.0	61010.0	1415.0	897.0	39971.0	19924.0	6214.0	57307.0	1616.0	55691.0
963607.0	206908.0	23270.0	2818.0	419106.0	89588.0	9915.0	212002.0	6022.0	205980.0
67701.0	22296.0	366.0	13.0	25362.0	6239.0	418.0	13007.0	19.0	12988.0
156693.0	53121.0	1230.0	214.0	39376.0	12291.0	1225.0	49236.0	1679.0	47557.0
400842.0	365133.0	3858.0	1563.0	10515.0	0.0	7115.0	12658.0	1495.0	11163.0
83691.0	75512.0	663.0	3034.0	1403.0	75.0	1012.0	1992.0	157.0	1835.0
105772.0	98725.0	306.0	666.0	632.0	111.0	2382.0	2950.0	108.0	2842.0
191694.0	177631.0	476.0	1633.0	1750.0	514.0	4894.0	4796.0	1137.0	3659.0
141132.0	134639.0	206.0	2882.0	1345.0	206.0	73.0	1781.0	0.0	1781.0
78005.0	72620.0	314.0	720.0	1135.0	0.0	1649.0	1567.0	383.0	1184.0
201685.0	150563.0	25946.0	197.0	19169.0	43.0	786.0	4981.0	328.0	4653.0
5217080.0	2955369.0	1271716.0	10429.0	327883.0	366.0	541397.0	109920.0	31984.0	77936.0
104743.0	86543.0	7501.0	427.0	2754.0	7.0	5965.0	1546.0	113.0	1433.0
923222.0	743229.0	42836.0	1020.0	93438.0	133.0	22103.0	20463.0	4413.0	16050.0
520271.0	371125.0	26719.0	1720.0	18147.0	109.0	90136.0	12315.0	2001.0	10314.0
113698.0	90822.0	16831.0	285.0	1301.0	0.0	2242.0	2217.0	291.0	1926.0
116631.0	101305.0	6139.0	557.0	3953.0	0.0	2429.0	2248.0	22.0	2226.0
706222.0	562913.0	50525.0	897.0	46233.0	290.0	29145.0	16219.0	3634.0	12585.0
113518.0	107334.0	3309.0	69.0	59.0	0.0	1580.0	1167.0	31.0	1136.0
308944.0	273284.0	3824.0	304.0	7491.0	0.0	17902.0	6139.0	1050.0	5089.0
170556.0	144817.0	13017.0	463.0	6883.0	0.0	1641.0	3735.0	351.0	3384.0
110730.0	87767.0	18798.0	0.0	1491.0	100.0	870.0	1704.0	40.0	1664.0
268459.0	237852.0	21684.0	256.0	2564.0	27.0	1535.0	4541.0	330.0	4211.0
186834.0	140902.0	34531.0	610.0	6485.0	53.0	1354.0	2899.0	38.0	2861.0
147556.0	120915.0	13625.0	940.0	2547.0	0.0	5837.0	3692.0	673.0	3019.0
270259.0	177133.0	80060.0	495.0	4000.0	0.0	2055.0	6516.0	243.0	6273.0
198844.0	165790.0	24091.0	653.0	3345.0	0.0	1091.0	3874.0	286.0	3588.0
135661.0	130392.0	1947.0	63.0	955.0	0.0	456.0	1848.0	281.0	1567.0
81509.0	67591.0	11061.0	338.0	668.0	0.0	782.0	1069.0	49.0	1020.0
681545.0	524014.0	73613.0	1567.0	30237.0	48.0	33357.0	18709.0	4686.0	14023.0
66622.0	61006.0	3678.0	179.0	672.0	0.0	273.0	814.0	103.0	711.0
293993.0	236209.0	37835.0	369.0	7077.0	145.0	7114.0	5244.0	488.0	4756.0
358327.0	288223.0	42592.0	1404.0	9668.0	69.0	6737.0	9634.0	867.0	8767.0
77870.0	69143.0	1547.0	0.0	2811.0	0.0	2850.0	1519.0	315.0	1204.0
111570.0	98407.0	7905.0	50.0	823.0	0.0	2073.0	2312.0	0.0	2312.0
117660.0	104210.0	5922.0	17.0	1356.0	0.0	779.0	5376.0	498.0	4878.0
198941.0	167082.0	12154.0	373.0	2164.0	0.0	13433.0	3735.0	763.0	2972.0
69793.0	61710.0	4063.0	0.0	468.0	0.0	955.0	2597.0	232.0	2365.0
282810.0	248978.0	10333.0	500.0	13406.0	0.0	2059.0	7534.0	2236.0	5298.0
147979.0	133072.0	7630.0	2.0	3444.0	207.0	1700.0	1924.0	510.0	1414.0
82800.0	73602.0	6216.0	0.0	944.0	35.0	529.0	1474.0	190.0	1284.0
141656.0	131758.0	3508.0	144.0	1838.0	0.0	1419.0	2989.0	1916.0	1073.0
77336.0	70896.0	574.0	251.0	893.0	0.0	3873.0	849.0	215.0	634.0
495558.0	305508.0	125800.0	2014.0	5988.0	177.0	42091.0	13980.0	5852.0	8128.0
111374.0	95409.0	11819.0	124.0	475.0	0.0	1152.0	2395.0	152.0	2243.0
131235.0	116243.0	8315.0	202.0	326.0	0.0	1450.0	4699.0	313.0	4386.0
911296.0	586192.0	240037.0	1358.0	16280.0	126.0	41490.0	25813.0	1763.0	24050.0
139799.0	121772.0	3493.0	171.0	8063.0	0.0	2016.0	4284.0	452.0	3832.0
165537.0	154427.0	6379.0	492.0	996.0	0.0	1168.0	2075.0	141.0	1934.0
266700.0	211686.0	34179.0	696.0	4519.0	0.0	6666.0	8954.0	1372.0	7582.0
174724.0	149818.0	7042.0	238.0	11142.0	0.0	2009.0	4475.0	695.0	3780.0
180305.0	155444.0	16027.0	116.0	1623.0	0.0	2088.0	5007.0	270.0	4737.0
108182.0	94942.0	7984.0	190.0	1732.0	0.0	970.0	2364.0	147.0	2217.0
131549.0	112860.0	12886.0	224.0	2039.0	0.0	960.0	2580.0	781.0	1799.0
94648.0	89431.0	1197.0	113.0	1224.0	136.0	10.0	2537.0	95.0	2442.0
133038.0	112709.0	5458.0	403.0	7412.0	0.0	3162.0	3894.0	118.0	3776.0
213875.0	193420.0	8222.0	599.0	3673.0	0.0	1859.0	6102.0	652.0	5450.0
437399.0	373643.0	26460.0	1127.0	17007.0	121.0	9107.0	9934.0	380.0	9554.0
93518.0	89291.0	844.0	658.0	711.0	0.0	441.0	1573.0	6.0	1567.0
167095.0	145645.0	12776.0	438.0	3727.0	0.0	1158.0	3351.0	640.0	2711.0
89663.0	79790.0	2750.0	65.0	5928.0	0.0	198.0	932.0	139.0	793.0
102509.0	83782.0	2509.0	2003.0	1972.0	0.0	7694.0	4549.0	1029.0	3520.0
65817.0	61225.0	699.0	512.0	293.0	64.0	516.0	2508.0	453.0	2055.0
112211.0	96070.0	4802.0	2112.0	4360.0	0.0	304.0	4563.0	130.0	4433.0
552991.0	483279.0	23787.0	1890.0	22220.0	0.0	6112.0	15703.0	721.0	14982.0
75527.0	64932.0	5131.0	570.0	1375.0	188.0	1339.0	1992.0	68.0	1924.0
72997.0	61806.0	5040.0	194.0	2940.0	162.0	854.0	2001.0	129.0	1872.0
501076.0	393436.0	42545.0	4392.0	18976.0	237.0	16717.0	24773.0	2929.0	21844.0
178941.0	146986.0	16503.0	1634.0	2352.0	0.0	3571.0	7895.0	1559.0	6336.0
158224.0	94349.0	39287.0	1490.0	4414.0	32.0	14470.0	4182.0	703.0	3479.0
121737.0	110680.0	4338.0	618.0	2823.0	0.0	2226.0	1052.0	465.0	587.0
90940.0	85518.0	2534.0	0.0	871.0	0.0	702.0	1315.0	30.0	1285.0
73591.0	54401.0	15003.0	238.0	1012.0	13.0	810.0	2114.0	0.0	2114.0
97234.0	89032.0	4682.0	209.0	849.0	0.0	742.0	1720.0	260.0	1460.0
301569.0	229703.0	44513.0	620.0	10662.0	44.0	8690.0	7337.0	1250.0	6087.0
107456.0	86406.0	13663.0	414.0	2558.0	262.0	422.0	3731.0	184.0	3547.0
746906.0	546372.0	153102.0	1658.0	16771.0	88.0	9329.0	19586.0	806.0	18780.0
160406.0	145281.0	8476.0	987.0	1654.0	0.0	2123.0	1885.0	388.0	1497.0
65864.0	56204.0	6171.0	112.0	731.0	0.0	447.0	2199.0	0.0	2199.0
115517.0	94946.0	10915.0	848.0	2624.0	85.0	3297.0	2802.0	365.0	2437.0
109985.0	82509.0	24094.0	550.0	311.0	0.0	1317.0	1204.0	0.0	1204.0
119732.0	84574.0	25498.0	945.0	1237.0	51.0	4887.0	2540.0	370.0	2170.0
257051.0	124914.0	120637.0	1417.0	2307.0	0.0	3201.0	4575.0	712.0	3863.0
194092.0	137180.0	49039.0	1136.0	2427.0	0.0	922.0	3388.0	457.0	2931.0
441438.0	220712.0	197772.0	177.0	13648.0	750.0	1064.0	7315.0	1070.0	6245.0
73400.0	46144.0	23596.0	1066.0	1528.0	0.0	0.0	1066.0	74.0	992.0
432640.0	273719.0	114726.0	1945.0	17802.0	206.0	15461.0	8781.0	1870.0	6911.0
224390.0	157135.0	58601.0	289.0	3309.0	0.0	1316.0	3740.0	148.0	3592.0
96666.0	77155.0	13584.0	2795.0	532.0	0.0	1627.0	973.0	69.0	904.0
360740.0	123436.0	216539.0	761.0	10649.0	147.0	5071.0	4137.0	798.0	3339.0
154919.0	93402.0	56623.0	310.0	1141.0	0.0	679.0	2764.0	0.0	2764.0
132374.0	84895.0	42761.0	752.0	1735.0	0.0	482.0	1749.0	121.0	1628.0
236785.0	198197.0	27650.0	812.0	3549.0	48.0	2296.0	4233.0	153.0	4080.0
122571.0	81963.0	37881.0	214.0	151.0	0.0	857.0	1505.0	310.0	1195.0
111917.0	79129.0	20293.0	6275.0	1235.0	945.0	1288.0	2752.0	490.0	2262.0
107398.0	99790.0	1360.0	81.0	820.0	0.0	411.0	4936.0	211.0	4725.0
71482.0	68434.0	540.0	848.0	371.0	0.0	13.0	1276.0	92.0	1184.0
282401.0	262612.0	7536.0	500.0	5178.0	103.0	688.0	5784.0	57.0	5727.0
121935.0	117213.0	590.0	1249.0	421.0	0.0	630.0	1832.0	65.0	1767.0
153786.0	146599.0	1292.0	1888.0	1159.0	0.0	466.0	2382.0	71.0	2311.0
198199.0	190389.0	924.0	704.0	2681.0	31.0	334.0	3136.0	264.0	2872.0
74692.0	66295.0	5790.0	292.0	783.0	0.0	210.0	1322.0	107.0	1215.0
544403.0	413188.0	87887.0	565.0	17780.0	88.0	8462.0	16433.0	1463.0	14970.0
809941.0	521070.0	216513.0	1697.0	42413.0	469.0	11304.0	16475.0	1385.0	15090.0
89256.0	72602.0	12197.0	159.0	992.0	0.0	831.0	2475.0	0.0	2475.0
167288.0	155112.0	5256.0	213.0	2962.0	0.0	665.0	3080.0	125.0	2955.0
101694.0	89984.0	6931.0	169.0	1442.0	0.0	1957.0	1211.0	0.0	1211.0
149130.0	74123.0	61035.0	1241.0	5161.0	90.0	1946.0	5534.0	441.0	5093.0
236745.0	193930.0	22516.0	1062.0	9376.0	118.0	4312.0	5431.0	1306.0	4125.0
246489.0	200248.0	30588.0	510.0	5906.0	47.0	2293.0	6897.0	97.0	6800.0
293142.0	178850.0	50452.0	843.0	42654.0	137.0	8601.0	11605.0	1391.0	10214.0
989794.0	569882.0	173915.0	2012.0	139546.0	141.0	69544.0	34754.0	6804.0	27950.0
871233.0	189580.0	560701.0	2830.0	35727.0	43.0	63971.0	18381.0	4213.0	14168.0
107484.0	84347.0	16275.0	146.0	3171.0	0.0	709.0	2836.0	371.0	2465.0
148203.0	125383.0	15949.0	576.0	2654.0	0.0	437.0	3204.0	27.0	3177.0
99190.0	69636.0	23779.0	0.0	1893.0	0.0	545.0	3337.0	0.0	3337.0
619493.0	186050.0	390096.0	1760.0	14561.0	733.0	11209.0	15084.0	1353.0	13731.0
215769.0	201882.0	5120.0	1447.0	2714.0	0.0	1804.0	2802.0	594.0	2208.0
130458.0	121367.0	4020.0	373.0	2009.0	0.0	484.0	2205.0	259.0	1946.0
548922.0	487254.0	19953.0	548.0	11483.0	99.0	16532.0	13053.0	3790.0	9263.0
748930.0	603685.0	25278.0	1513.0	24654.0	41.0	77763.0	15996.0	3276.0	12720.0
71599.0	67237.0	774.0	158.0	1084.0	33.0	684.0	1629.0	252.0	1377.0
463783.0	362349.0	40151.0	1205.0	9579.0	9.0	39603.0	10887.0	3746.0	7141.0
157822.0	141565.0	3659.0	384.0	7555.0	0.0	1057.0	3602.0	768.0	2834.0
1518171.0	1220802.0	71304.0	1936.0	147594.0	367.0	33488.0	42680.0	8077.0	34603.0
675436.0	555801.0	39287.0	640.0	59410.0	0.0	7924.0	12374.0	2049.0	10325.0
497579.0	422822.0	42116.0	821.0	6135.0	93.0	17398.0	8194.0	1597.0	6597.0
730932.0	412411.0	165889.0	1650.0	60323.0	110.0	53380.0	37169.0	5993.0	31176.0
801227.0	683865.0	32836.0	2453.0	32697.0	106.0	32039.0	17231.0	3229.0	14002.0
111234.0	105087.0	1638.0	670.0	913.0	0.0	1827.0	1099.0	47.0	1052.0
107110.0	100926.0	1489.0	274.0	584.0	0.0	1066.0	2771.0	417.0	2354.0
156941.0	122533.0	24036.0	606.0	2520.0	16.0	3421.0	3809.0	305.0	3504.0
135490.0	113232.0	15287.0	451.0	2177.0	0.0	292.0	4051.0	140.0	3911.0
75469.0	70712.0	1577.0	42.0	838.0	0.0	498.0	1802.0	118.0	1684.0
108056.0	94920.0	7018.0	471.0	2242.0	0.0	715.0	2690.0	482.0	2208.0
422080.0	314847.0	86922.0	2722.0	3819.0	81.0	1063.0	12626.0	968.0	11658.0
88349.0	83703.0	1976.0	336.0	565.0	0.0	270.0	1499.0	127.0	1372.0
281613.0	214853.0	30563.0	938.0	15574.0	0.0	5466.0	14219.0	1329.0	12890.0
70622.0	62520.0	2069.0	2972.0	594.0	6.0	286.0	2175.0	93.0	2082.0
159748.0	140697.0	12907.0	707.0	851.0	0.0	438.0	4148.0	478.0	3670.0
252074.0	206574.0	28450.0	624.0	4971.0	169.0	2491.0	8795.0	869.0	7926.0
608453.0	499658.0	58781.0	2176.0	13769.0	224.0	13399.0	20446.0	4401.0	16045.0
88082.0	84612.0	846.0	342.0	512.0	0.0	485.0	1285.0	195.0	1090.0
99440.0	90926.0	2543.0	820.0	503.0	0.0	1918.0	2730.0	71.0	2659.0
181722.0	175320.0	1434.0	312.0	507.0	732.0	708.0	2709.0	356.0	2353.0
842145.0	711399.0	76300.0	3154.0	27699.0	57.0	7804.0	15732.0	1153.0	14579.0
67694.0	63350.0	1186.0	1296.0	462.0	0.0	64.0	1336.0	291.0	1045.0
84063.0	78767.0	1048.0	92.0	2258.0	0.0	841.0	1057.0	104.0	953.0
151560.0	143019.0	3279.0	206.0	900.0	0.0	1611.0	2545.0	0.0	2545.0
171302.0	138424.0	23870.0	553.0	441.0	0.0	935.0	7079.0	596.0	6483.0
1210145.0	935968.0	164699.0	2817.0	67716.0	314.0	6205.0	32426.0	2101.0	30325.0
266300.0	238446.0	6054.0	1013.0	6917.0	0.0	8497.0	5373.0	1380.0	3993.0
199088.0	151671.0	36520.0	523.0	2097.0	114.0	2320.0	5843.0	924.0	4919.0
161642.0	151043.0	3721.0	267.0	762.0	0.0	919.0	4930.0	982.0	3948.0
76131.0	67103.0	3244.0	790.0	241.0	0.0	3149.0	1604.0	335.0	1269.0
347962.0	259859.0	41291.0	932.0	26793.0	0.0	2960.0	16127.0	1075.0	15052.0
1802096.0	957527.0	722813.0	5607.0	47486.0	141.0	26912.0	41610.0	3965.0	37645.0
333140.0	287217.0	14276.0	2270.0	13396.0	0.0	7656.0	8325.0	149.0	8176.0
92638.0	86055.0	1005.0	287.0	2295.0	0.0	800.0	2196.0	503.0	1693.0
402006.0	342826.0	19602.0	1798.0	17246.0	35.0	8505.0	11994.0	1446.0	10548.0
1168431.0	884002.0	137485.0	10417.0	71980.0	120.0	24015.0	40412.0	3927.0	36485.0
145769.0	126178.0	7270.0	385.0	7766.0	0.0	696.0	3474.0	485.0	2989.0
514696.0	362299.0	54942.0	3634.0	62043.0	138.0	12938.0	18702.0	1122.0	17580.0
200255.0	185961.0	3186.0	4499.0	1967.0	47.0	167.0	4428.0	198.0	4230.0
132556.0	116459.0	3760.0	880.0	6752.0	0.0	481.0	4224.0	392.0	3832.0
151343.0	139074.0	3945.0	473.0	3173.0	0.0	1621.0	3057.0	80.0	2977.0
241280.0	211053.0	8618.0	612.0	12113.0	94.0	3000.0	5790.0	452.0	5338.0
126437.0	119118.0	1297.0	796.0	1165.0	0.0	1751.0	2310.0	67.0	2243.0
164053.0	118185.0	36057.0	1150.0	1756.0	0.0	1730.0	5175.0	1052.0	4123.0
75842.0	45684.0	27724.0	164.0	863.0	0.0	738.0	669.0	220.0	449.0
191040.0	134993.0	43670.0	641.0	5965.0	0.0	301.0	5470.0	710.0	4760.0
248184.0	71821.0	171260.0	55.0	1403.0	0.0	1370.0	2275.0	455.0	1820.0
139901.0	102258.0	30791.0	485.0	3049.0	0.0	1355.0	1963.0	0.0	1963.0
96941.0	55084.0	37237.0	0.0	2152.0	0.0	1808.0	660.0	0.0	660.0
143702.0	111069.0	27303.0	260.0	1882.0	0.0	959.0	2229.0	325.0	1904.0
165627.0	136475.0	15775.0	299.0	6578.0	17.0	1862.0	4621.0	181.0	4440.0
89666.0	79336.0	4462.0	343.0	508.0	248.0	1987.0	2782.0	318.0	2464.0
76632.0	68132.0	5081.0	499.0	1130.0	0.0	363.0	1427.0	125.0	1302.0
100052.0	93073.0	3677.0	648.0	519.0	0.0	447.0	1688.0	0.0	1688.0
225161.0	196738.0	10926.0	536.0	5469.0	524.0	3054.0	7914.0	1256.0	6658.0
76448.0	63130.0	8771.0	147.0	422.0	216.0	2177.0	1585.0	0.0	1585.0
101938.0	98068.0	1288.0	272.0	327.0	151.0	475.0	1357.0	370.0	987.0
277214.0	253365.0	7464.0	714.0	4343.0	571.0	1878.0	8879.0	171.0	8708.0
676360.0	453117.0	158517.0	2995.0	11334.0	1631.0	25787.0	22979.0	3364.0	19615.0
118435.0	108950.0	2844.0	1681.0	1258.0	0.0	649.0	3053.0	311.0	2742.0
219480.0	212279.0	1573.0	736.0	1247.0	139.0	259.0	3247.0	0.0	3247.0
90903.0	79434.0	5163.0	91.0	2423.0	274.0	1036.0	2482.0	247.0	2235.0
365151.0	329594.0	15734.0	468.0	8578.0	210.0	2751.0	7816.0	1555.0	6261.0
65578.0	59698.0	4129.0	280.0	253.0	0.0	380.0	838.0	21.0	817.0
998692.0	705518.0	230899.0	1167.0	34323.0	32.0	4577.0	22176.0	1147.0	21029.0
318069.0	144377.0	152646.0	481.0	7381.0	329.0	1977.0	10878.0	1289.0	9589.0
81837.0	72373.0	561.0	4610.0	672.0	0.0	75.0	3546.0	399.0	3147.0
91377.0	86840.0	347.0	1565.0	884.0	0.0	96.0	1645.0	115.0	1530.0
110138.0	102465.0	507.0	3545.0	1286.0	36.0	272.0	2027.0	0.0	2027.0
150069.0	135627.0	351.0	7485.0	592.0	511.0	2428.0	3075.0	25.0	3050.0
524861.0	408430.0	58430.0	3741.0	15209.0	234.0	23531.0	15286.0	3159.0	12127.0
289800.0	257064.0	10434.0	2100.0	11176.0	0.0	1554.0	7472.0	448.0	7024.0
162561.0	145590.0	6932.0	1258.0	3082.0	62.0	1123.0	4514.0	385.0	4129.0
1969975.0	1331556.0	207419.0	11913.0	168200.0	13261.0	152579.0	85047.0	9549.0	75498.0
425710.0	334183.0	11420.0	6976.0	20831.0	2567.0	35413.0	14320.0	3348.0	10972.0
76918.0	73745.0	686.0	209.0	1041.0	0.0	76.0	1161.0	0.0	1161.0
88923.0	83530.0	643.0	235.0	2328.0	0.0	193.0	1994.0	0.0	1994.0
401696.0	366168.0	8628.0	457.0	12004.0	80.0	6471.0	7888.0	963.0	6925.0
146579.0	139465.0	1437.0	145.0	2575.0	37.0	345.0	2575.0	54.0	2521.0
296207.0	283374.0	2352.0	483.0	5289.0	0.0	967.0	3742.0	150.0	3592.0
123857.0	116065.0	470.0	414.0	4539.0	0.0	203.0	2166.0	224.0	1942.0
274338.0	179270.0	44368.0	1822.0	21428.0	59.0	18490.0	8901.0	4408.0	4493.0
911004.0	654563.0	53277.0	1022.0	134508.0	232.0	51470.0	15932.0	3589.0	12343.0
449576.0	330917.0	73921.0	374.0	20437.0	206.0	9985.0	13736.0	2502.0	11234.0
513241.0	333172.0	94751.0	1111.0	27084.0	293.0	40039.0	16791.0	4734.0	12057.0
157095.0	99207.0	33423.0	2543.0	2347.0	0.0	14758.0	4817.0	2541.0	2276.0
785137.0	347152.0	311382.0	1569.0	36482.0	108.0	64491.0	23953.0	5544.0	18409.0
289104.0	239025.0	28684.0	986.0	8643.0	93.0	5146.0	6527.0	347.0	6180.0
641224.0	351987.0	80169.0	2366.0	87569.0	552.0	99555.0	19026.0	7229.0	11797.0
128038.0	115503.0	3541.0	53.0	4202.0	0.0	2925.0	1814.0	803.0	1011.0
367063.0	225447.0	74193.0	634.0	33077.0	0.0	26500.0	7212.0	1850.0	5362.0
814217.0	511710.0	77386.0	1481.0	178840.0	674.0	25142.0	18984.0	5110.0	13874.0
631020.0	530047.0	45202.0	2112.0	31963.0	3.0	8095.0	13598.0	2238.0	11360.0
494976.0	403854.0	16213.0	335.0	45118.0	119.0	19741.0	9596.0	2666.0	6930.0
579369.0	530955.0	17523.0	858.0	9812.0	48.0	8762.0	11411.0	1790.0	9621.0
502007.0	342514.0	61398.0	1787.0	26556.0	325.0	46879.0	22548.0	4867.0	17681.0
65902.0	52283.0	10067.0	242.0	763.0	17.0	1242.0	1288.0	413.0	875.0
324893.0	226708.0	29218.0	446.0	47599.0	0.0	13593.0	7329.0	1700.0	5629.0
148517.0	139545.0	3158.0	12.0	3018.0	0.0	899.0	1885.0	525.0	1360.0
539494.0	305703.0	115463.0	835.0	24780.0	610.0	82985.0	9118.0	2632.0	6486.0
108339.0	96554.0	4313.0	133.0	2738.0	0.0	2952.0	1649.0	632.0	1017.0
670968.0	456542.0	19705.0	32116.0	12592.0	721.0	122485.0	26807.0	7307.0	19500.0
65890.0	57359.0	902.0	675.0	618.0	100.0	4589.0	1647.0	614.0	1033.0
213598.0	192243.0	3530.0	2528.0	2672.0	27.0	9628.0	2970.0	1052.0	1918.0
65423.0	57126.0	2462.0	1255.0	0.0	0.0	3625.0	955.0	339.0	616.0
73664.0	11846.0	497.0	53176.0	808.0	0.0	3810.0	3527.0	1318.0	2209.0
65703.0	48976.0	2333.0	4453.0	732.0	84.0	6257.0	2868.0	1013.0	1855.0
134259.0	94708.0	5951.0	16174.0	1951.0	8.0	11090.0	4377.0	1299.0	3078.0
128200.0	67519.0	1147.0	46015.0	456.0	150.0	8924.0	3989.0	1481.0	2508.0
145648.0	123733.0	982.0	3571.0	2394.0	0.0	11291.0	3677.0	1446.0	2231.0
77070.0	50223.0	259.0	3484.0	531.0	0.0	20698.0	1875.0	1226.0	649.0
303565.0	234638.0	38298.0	809.0	15467.0	0.0	4750.0	9603.0	1091.0	8512.0
1392002.0	314431.0	475193.0	7551.0	48140.0	745.0	496291.0	49651.0	26951.0	22700.0
199031.0	176729.0	9180.0	738.0	7620.0	0.0	680.0	4084.0	356.0	3728.0
79832.0	74098.0	615.0	3357.0	356.0	0.0	191.0	1215.0	100.0	1115.0
79738.0	73796.0	3559.0	172.0	139.0	0.0	406.0	1666.0	111.0	1555.0
134368.0	124826.0	3109.0	871.0	992.0	33.0	2446.0	2091.0	321.0	1770.0
88840.0	79602.0	5958.0	113.0	1392.0	0.0	128.0	1647.0	0.0	1647.0
81945.0	75441.0	3661.0	486.0	527.0	0.0	909.0	921.0	492.0	429.0
297999.0	233396.0	28855.0	566.0	11829.0	14.0	15312.0	8027.0	1534.0	6493.0
918028.0	731627.0	118821.0	4326.0	24739.0	62.0	15958.0	22495.0	4039.0	18456.0
117910.0	102536.0	6129.0	524.0	1888.0	190.0	2556.0	4087.0	589.0	3498.0
2532645.0	1106103.0	860171.0	8276.0	269493.0	1479.0	238201.0	48922.0	14501.0	34421.0
65070.0	60493.0	1848.0	97.0	977.0	37.0	546.0	1072.0	94.0	978.0
73365.0	69146.0	869.0	1011.0	453.0	10.0	217.0	1659.0	236.0	1423.0
745625.0	567888.0	113294.0	1654.0	24336.0	61.0	17971.0	20421.0	4031.0	16390.0
1344436.0	961070.0	150682.0	3274.0	105175.0	74.0	92146.0	32015.0	12799.0	19216.0
1601948.0	898698.0	239483.0	4232.0	176507.0	857.0	215904.0	66267.0	17589.0	48678.0
216011.0	191059.0	16345.0	2401.0	2335.0	0.0	833.0	3038.0	518.0	2520.0
234287.0	202864.0	12822.0	622.0	7424.0	0.0	3528.0	7027.0	1664.0	5363.0
466960.0	380779.0	50234.0	2951.0	14775.0	33.0	3810.0	14378.0	1507.0	12871.0
108525.0	100799.0	2343.0	37.0	1204.0	0.0	1814.0	2328.0	315.0	2013.0
374872.0	280963.0	36480.0	1400.0	9410.0	0.0	33597.0	13022.0	3591.0	9431.0
122228.0	117230.0	1308.0	663.0	418.0	21.0	895.0	1693.0	455.0	1238.0
99933.0	89483.0	1656.0	27.0	1895.0	0.0	3919.0	2953.0	664.0	2289.0
2247848.0	938084.0	427015.0	7095.0	520584.0	1240.0	273401.0	80429.0	35918.0	44511.0
159395.0	140234.0	9286.0	352.0	3213.0	38.0	989.0	5283.0	315.0	4968.0
470467.0	361105.0	52239.0	236.0	37222.0	0.0	12653.0	7012.0	1837.0	5175.0
315158.0	221250.0	38744.0	1033.0	20714.0	0.0	27058.0	6359.0	2677.0	3682.0
111690.0	104395.0	2141.0	1002.0	865.0	185.0	862.0	2240.0	473.0	1767.0
220882.0	207929.0	3680.0	101.0	4159.0	0.0	513.0	4500.0	176.0	4324.0
155058.0	124874.0	14735.0	125.0	5294.0	0.0	4055.0	5975.0	270.0	5705.0
99033.0	93897.0	1929.0	386.0	1497.0	0.0	685.0	639.0	73.0	566.0
1498816.0	1214225.0	112205.0	2764.0	51669.0	370.0	86554.0	31029.0	12433.0	18596.0
76900.0	61151.0	6169.0	62.0	1414.0	0.0	5878.0	2226.0	403.0	1823.0
101723.0	83522.0	4366.0	199.0	9752.0	0.0	1171.0	2713.0	359.0	2354.0
182448.0	159913.0	10602.0	214.0	3058.0	0.0	2865.0	5796.0	735.0	5061.0
65831.0	63523.0	1033.0	102.0	264.0	0.0	133.0	776.0	341.0	435.0
93436.0	87558.0	3556.0	191.0	581.0	0.0	480.0	1070.0	110.0	960.0
955899.0	636727.0	140219.0	1423.0	53015.0	0.0	92722.0	31793.0	9224.0	22569.0
153291.0	107184.0	28877.0	291.0	669.0	0.0	12252.0	4018.0	581.0	3437.0
241419.0	213743.0	16631.0	1370.0	2709.0	66.0	611.0	6289.0	1685.0	4604.0
90904.0	77634.0	4952.0	242.0	3468.0	0.0	2000.0	2608.0	173.0	2435.0
181468.0	139516.0	28942.0	845.0	2982.0	0.0	4242.0	4941.0	897.0	4044.0
82395.0	73952.0	4290.0	215.0	83.0	248.0	2518.0	1089.0	140.0	949.0
67373.0	60974.0	4167.0	257.0	787.0	0.0	59.0	1129.0	0.0	1129.0
154181.0	127753.0	13430.0	887.0	4709.0	232.0	4773.0	2397.0	227.0	2170.0
104786.0	72769.0	24220.0	32.0	2209.0	66.0	3143.0	2347.0	63.0	2284.0
324885.0	173982.0	117363.0	4817.0	7711.0	1219.0	7568.0	12225.0	1134.0	11091.0
162697.0	141182.0	16259.0	200.0	2005.0	0.0	1307.0	1744.0	901.0	843.0
273392.0	144985.0	101457.0	1411.0	11494.0	0.0	7266.0	6779.0	1139.0	5640.0
354952.0	242389.0	91962.0	896.0	6722.0	0.0	7101.0	5882.0	325.0	5557.0
207031.0	159908.0	31384.0	1212.0	2699.0	0.0	8488.0	3340.0	396.0	2944.0
495279.0	286925.0	161220.0	2316.0	20812.0	306.0	12768.0	10932.0	561.0	10371.0
119256.0	85242.0	23674.0	2377.0	1364.0	0.0	2542.0	4057.0	235.0	3822.0
107927.0	99668.0	4398.0	377.0	1261.0	0.0	628.0	1595.0	298.0	1297.0
161202.0	132037.0	19948.0	203.0	3475.0	0.0	3099.0	2440.0	402.0	2038.0
172595.0	136527.0	27112.0	304.0	328.0	0.0	4602.0	3722.0	94.0	3628.0
944373.0	549941.0	290116.0	2433.0	44450.0	852.0	31659.0	24922.0	2692.0	22230.0
89352.0	74181.0	11270.0	264.0	726.0	0.0	294.0	2617.0	161.0	2456.0
96116.0	55962.0	35963.0	256.0	657.0	0.0	1424.0	1854.0	601.0	1253.0
206189.0	166476.0	31182.0	1143.0	1921.0	77.0	2614.0	2776.0	25.0	2751.0
179719.0	135591.0	29491.0	1654.0	3135.0	419.0	3239.0	6190.0	1556.0	4634.0
135755.0	101161.0	16579.0	388.0	10014.0	0.0	4915.0	2698.0	659.0	2039.0
171134.0	101040.0	57251.0	937.0	3009.0	0.0	4784.0	4113.0	376.0	3737.0
142358.0	126352.0	9028.0	246.0	1382.0	0.0	3663.0	1687.0	30.0	1657.0
135517.0	42578.0	31665.0	49303.0	1288.0	24.0	4795.0	5864.0	346.0	5518.0
93329.0	69754.0	16508.0	445.0	67.0	0.0	3588.0	2967.0	137.0	2830.0
138019.0	107452.0	22968.0	870.0	450.0	0.0	3882.0	2397.0	273.0	2124.0
67538.0	57903.0	7099.0	129.0	410.0	0.0	1041.0	956.0	144.0	812.0
73714.0	67612.0	3076.0	177.0	121.0	0.0	478.0	2250.0	200.0	2050.0
205463.0	166243.0	24778.0	943.0	3262.0	176.0	7496.0	2565.0	57.0	2508.0
929780.0	634061.0	196329.0	2396.0	50994.0	0.0	29067.0	16933.0	2985.0	13948.0
123697.0	69371.0	39182.0	340.0	686.0	0.0	11040.0	3078.0	543.0	2535.0
68984.0	61931.0	3044.0	96.0	151.0	0.0	2438.0	1324.0	609.0	715.0
81452.0	42408.0	31519.0	162.0	218.0	0.0	5259.0	1886.0	107.0	1779.0
83145.0	77172.0	427.0	3699.0	340.0	0.0	17.0	1490.0	0.0	1490.0
152368.0	139286.0	3534.0	2182.0	3423.0	85.0	776.0	3082.0	52.0	3030.0
66598.0	60907.0	1305.0	1937.0	1246.0	0.0	56.0	1147.0	75.0	1072.0
106094.0	89052.0	12090.0	437.0	694.0	0.0	544.0	3277.0	229.0	3048.0
101345.0	94746.0	4567.0	114.0	577.0	0.0	218.0	1123.0	100.0	1023.0
369999.0	321030.0	28330.0	765.0	9679.0	107.0	3653.0	6435.0	780.0	5655.0
137691.0	118653.0	11790.0	262.0	891.0	0.0	2321.0	3774.0	119.0	3655.0
199139.0	190019.0	3699.0	255.0	1956.0	0.0	1676.0	1534.0	0.0	1534.0
107570.0	102903.0	2957.0	0.0	404.0	0.0	357.0	949.0	0.0	949.0
1270294.0	819389.0	372149.0	1994.0	33454.0	359.0	13401.0	29548.0	1950.0	27598.0
178341.0	159113.0	6754.0	624.0	7362.0	0.0	1415.0	3073.0	32.0	3041.0
76751.0	66489.0	7340.0	25.0	429.0	0.0	661.0	1807.0	0.0	1807.0
147066.0	131333.0	6528.0	342.0	2198.0	0.0	2213.0	4452.0	0.0	4452.0
1178799.0	823115.0	246330.0	1949.0	44954.0	73.0	23532.0	38846.0	2797.0	36049.0
93228.0	90186.0	1437.0	68.0	226.0	0.0	121.0	1190.0	409.0	781.0
162846.0	139026.0	11808.0	88.0	5514.0	0.0	724.0	5686.0	273.0	5413.0
800362.0	556332.0	204383.0	775.0	15567.0	406.0	4132.0	18767.0	548.0	18219.0
75056.0	70779.0	1155.0	27.0	1164.0	94.0	640.0	1197.0	0.0	1197.0
229885.0	214317.0	7955.0	192.0	3053.0	0.0	1046.0	3322.0	462.0	2860.0
167248.0	155556.0	5943.0	182.0	1027.0	0.0	516.0	4024.0	0.0	4024.0
301614.0	255487.0	24914.0	914.0	2437.0	143.0	6809.0	10910.0	774.0	10136.0
440005.0	324504.0	81209.0	1264.0	5328.0	79.0	8414.0	19207.0	2120.0	17087.0
237270.0	190082.0	37465.0	420.0	1873.0	0.0	2695.0	4735.0	382.0	4353.0
66212.0	60161.0	4235.0	201.0	107.0	0.0	597.0	911.0	121.0	790.0
173262.0	166712.0	1612.0	255.0	1564.0	0.0	416.0	2703.0	42.0	2661.0
102857.0	97520.0	2284.0	190.0	1398.0	0.0	0.0	1465.0	0.0	1465.0
537602.0	398323.0	111686.0	1250.0	10273.0	0.0	4564.0	11506.0	472.0	11034.0
86237.0	79913.0	3412.0	262.0	175.0	0.0	134.0	2341.0	0.0	2341.0
161624.0	148668.0	5684.0	369.0	2423.0	0.0	244.0	4236.0	46.0	4190.0
123510.0	107783.0	11167.0	325.0	602.0	0.0	645.0	2988.0	220.0	2768.0
79277.0	74736.0	2284.0	33.0	304.0	0.0	179.0	1741.0	0.0	1741.0
375087.0	333838.0	26530.0	494.0	3184.0	66.0	416.0	10559.0	76.0	10483.0
539832.0	434729.0	76220.0	1272.0	12361.0	0.0	2160.0	13090.0	1000.0	12090.0
209264.0	186552.0	17300.0	421.0	1111.0	0.0	74.0	3806.0	90.0	3716.0
92508.0	89049.0	952.0	140.0	329.0	0.0	924.0	1114.0	263.0	851.0
214910.0	194445.0	7684.0	339.0	8459.0	0.0	658.0	3325.0	879.0	2446.0
114611.0	110020.0	2130.0	134.0	645.0	0.0	182.0	1500.0	0.0	1500.0
126355.0	116392.0	3245.0	54.0	2259.0	0.0	1933.0	2472.0	923.0	1549.0
119492.0	100761.0	2829.0	5207.0	3257.0	0.0	1298.0	6140.0	497.0	5643.0
261281.0	207770.0	10336.0	11246.0	9757.0	159.0	4291.0	17722.0	1702.0	16020.0
125815.0	81750.0	21413.0	5556.0	3055.0	87.0	2945.0	11009.0	1438.0	9571.0
70467.0	56003.0	1893.0	4222.0	330.0	12.0	847.0	7160.0	401.0	6759.0
71003.0	43752.0	7910.0	8798.0	96.0	0.0	862.0	9585.0	17.0	9568.0
732371.0	504407.0	109418.0	24619.0	21402.0	752.0	25431.0	46342.0	2848.0	43494.0
77988.0	63383.0	3189.0	2601.0	3015.0	0.0	763.0	5037.0	0.0	5037.0
70280.0	54027.0	1585.0	9743.0	519.0	0.0	215.0	4191.0	26.0	4165.0
87706.0	66501.0	1144.0	9780.0	1120.0	0.0	1050.0	8111.0	212.0	7899.0
610599.0	439630.0	64702.0	29159.0	14588.0	539.0	19519.0	42462.0	2167.0	40295.0
74098.0	56969.0	2717.0	6871.0	891.0	0.0	759.0	5891.0	149.0	5742.0
85928.0	75329.0	256.0	713.0	6100.0	332.0	991.0	2207.0	481.0	1726.0
380207.0	340916.0	3529.0	2712.0	15919.0	643.0	4430.0	12058.0	2415.0	9643.0
160338.0	146035.0	555.0	705.0	2626.0	532.0	5518.0	4367.0	519.0	3848.0
107490.0	99569.0	103.0	2775.0	801.0	198.0	1310.0	2734.0	189.0	2545.0
204822.0	189091.0	1501.0	2321.0	2206.0	654.0	1812.0	7237.0	354.0	6883.0
82987.0	77642.0	407.0	1651.0	451.0	175.0	664.0	1997.0	360.0	1637.0
65552.0	58653.0	892.0	2988.0	929.0	190.0	416.0	1484.0	398.0	1086.0
353416.0	314457.0	3297.0	4457.0	8459.0	598.0	6733.0	15415.0	718.0	14697.0
118122.0	108792.0	440.0	2590.0	1077.0	0.0	1984.0	3239.0	0.0	3239.0
318872.0	244656.0	2738.0	3292.0	6167.0	1806.0	48058.0	12155.0	2964.0	9191.0
748031.0	587444.0	42560.0	6341.0	50360.0	4777.0	28703.0	27846.0	3191.0	24655.0
75993.0	67734.0	439.0	1220.0	1767.0	86.0	747.0	4000.0	1643.0	2357.0
76725.0	67745.0	467.0	1434.0	765.0	265.0	2874.0	3175.0	235.0	2940.0
540410.0	408440.0	10043.0	6115.0	49638.0	3825.0	45147.0	17202.0	2263.0	14939.0
100000.0	85524.0	1190.0	1582.0	881.0	120.0	7623.0	3080.0	0.0	3080.0
101434.0	93533.0	1718.0	347.0	807.0	0.0	3109.0	1920.0	961.0	959.0
1227066.0	997533.0	161318.0	1554.0	35430.0	440.0	6310.0	24481.0	1213.0	23268.0
68568.0	67300.0	240.0	0.0	50.0	0.0	487.0	491.0	132.0	359.0
170414.0	155057.0	10582.0	288.0	1009.0	39.0	42.0	3397.0	225.0	3172.0
412778.0	345850.0	21416.0	736.0	5780.0	74.0	29319.0	9603.0	2612.0	6991.0
127099.0	122334.0	2224.0	174.0	893.0	0.0	91.0	1383.0	151.0	1232.0
626854.0	560721.0	23597.0	634.0	24741.0	0.0	7753.0	9408.0	1248.0	8160.0
184848.0	178447.0	2746.0	160.0	2176.0	0.0	153.0	1166.0	92.0	1074.0
143728.0	134522.0	5108.0	73.0	678.0	0.0	725.0	2622.0	106.0	2516.0
154722.0	138082.0	5379.0	370.0	8910.0	0.0	650.0	1331.0	123.0	1208.0
503897.0	441438.0	29916.0	446.0	19404.0	0.0	3475.0	9218.0	720.0	8498.0
81445.0	77686.0	1806.0	508.0	426.0	0.0	312.0	707.0	181.0	526.0
67476.0	64466.0	1604.0	38.0	724.0	0.0	301.0	343.0	144.0	199.0
88740.0	85004.0	1612.0	77.0	241.0	0.0	166.0	1640.0	195.0	1445.0
237892.0	215368.0	7843.0	278.0	6210.0	0.0	2648.0	5545.0	491.0	5054.0
268977.0	195405.0	45978.0	297.0	8692.0	0.0	9316.0	9289.0	911.0	8378.0
559494.0	404391.0	111281.0	566.0	26710.0	77.0	5858.0	10611.0	731.0	9880.0
280985.0	248204.0	19852.0	899.0	3277.0	41.0	2308.0	6404.0	633.0	5771.0
136097.0	126922.0	6266.0	149.0	357.0	0.0	408.0	1995.0	49.0	1946.0
150811.0	140215.0	5498.0	486.0	1663.0	0.0	1323.0	1626.0	373.0	1253.0
89298.0	84310.0	2468.0	100.0	1101.0	0.0	207.0	1112.0	64.0	1048.0
214166.0	198909.0	5851.0	439.0	3561.0	0.0	2723.0	2683.0	554.0	2129.0
523594.0	470337.0	17839.0	619.0	9965.0	112.0	13245.0	11477.0	1562.0	9915.0
90535.0	84421.0	3872.0	0.0	196.0	34.0	293.0	1719.0	55.0	1664.0
134311.0	119571.0	2704.0	162.0	1474.0	0.0	7425.0	2975.0	1240.0	1735.0
352947.0	291574.0	21011.0	69.0	9909.0	0.0	17503.0	12881.0	1245.0	11636.0
320651.0	293922.0	11378.0	424.0	3774.0	180.0	7067.0	3906.0	976.0	2930.0
116747.0	107843.0	6049.0	63.0	851.0	38.0	325.0	1578.0	136.0	1442.0
116205.0	106188.0	6662.0	171.0	923.0	0.0	509.0	1752.0	212.0	1540.0
169882.0	134798.0	22535.0	0.0	3319.0	83.0	4242.0	4905.0	470.0	4435.0
804210.0	661113.0	70338.0	666.0	51524.0	211.0	4352.0	16006.0	2039.0	13967.0
298476.0	261914.0	13967.0	582.0	7844.0	0.0	6248.0	7921.0	652.0	7269.0
94558.0	88547.0	4112.0	0.0	149.0	0.0	706.0	1044.0	437.0	607.0
1536471.0	643228.0	651692.0	2814.0	99154.0	478.0	101370.0	37735.0	7799.0	29936.0
147513.0	139772.0	4166.0	101.0	802.0	0.0	918.0	1754.0	259.0	1495.0
77405.0	74500.0	2135.0	91.0	146.0	0.0	140.0	393.0	27.0	366.0
208282.0	196413.0	6912.0	39.0	1059.0	0.0	285.0	3574.0	0.0	3574.0
364471.0	346928.0	8998.0	428.0	2755.0	0.0	202.0	5160.0	219.0	4941.0
436770.0	383691.0	26108.0	406.0	5969.0	87.0	11160.0	9349.0	1205.0	8144.0
165535.0	153519.0	2583.0	57.0	4001.0	0.0	2386.0	2989.0	1027.0	1962.0
82695.0	73851.0	3418.0	33.0	1426.0	0.0	1312.0	2655.0	423.0	2232.0
626709.0	465223.0	55229.0	3889.0	24472.0	188.0	57913.0	19795.0	5050.0	14745.0
126563.0	118795.0	1711.0	391.0	2873.0	0.0	678.0	2115.0	224.0	1891.0
160682.0	112312.0	41393.0	6.0	1066.0	0.0	4627.0	1278.0	139.0	1139.0
188488.0	152535.0	30054.0	508.0	1777.0	0.0	799.0	2815.0	32.0	2783.0
164684.0	121030.0	30630.0	43.0	2190.0	80.0	6761.0	3950.0	283.0	3667.0
183525.0	124307.0	45832.0	1374.0	4336.0	252.0	3367.0	4057.0	60.0	3997.0
357704.0	238156.0	106903.0	1195.0	5287.0	152.0	2180.0	3831.0	303.0	3528.0
140892.0	95950.0	35673.0	549.0	1614.0	566.0	2310.0	4230.0	56.0	4174.0
137862.0	77086.0	56962.0	133.0	1341.0	0.0	1.0	2339.0	34.0	2305.0
461299.0	350715.0	84529.0	896.0	9553.0	0.0	6073.0	9533.0	2322.0	7211.0
276340.0	218385.0	38043.0	0.0	3646.0	0.0	11075.0	5191.0	414.0	4777.0
267129.0	213215.0	41089.0	213.0	3787.0	126.0	3748.0	4951.0	1234.0	3717.0
74418.0	66911.0	5162.0	258.0	273.0	0.0	266.0	1548.0	28.0	1520.0
91910.0	31506.0	57429.0	215.0	887.0	0.0	426.0	1447.0	209.0	1238.0
119574.0	105424.0	8394.0	226.0	1473.0	0.0	1465.0	2592.0	581.0	2011.0
389116.0	184590.0	176621.0	1104.0	9574.0	149.0	8414.0	8664.0	520.0	8144.0
286868.0	210365.0	60306.0	1300.0	5789.0	0.0	3866.0	5242.0	426.0	4816.0
107460.0	52500.0	50696.0	107.0	1453.0	0.0	1719.0	985.0	0.0	985.0
230528.0	173720.0	44160.0	1822.0	4075.0	0.0	2602.0	4149.0	719.0	3430.0
171752.0	150878.0	6909.0	3779.0	2881.0	9.0	3950.0	3346.0	326.0	3020.0
102815.0	85537.0	807.0	9000.0	1160.0	46.0	324.0	5941.0	357.0	5584.0
123901.0	116837.0	4049.0	519.0	580.0	0.0	359.0	1557.0	0.0	1557.0
100055.0	91593.0	3890.0	233.0	496.0	0.0	794.0	3049.0	212.0	2837.0
635475.0	389807.0	175681.0	1947.0	18144.0	310.0	35390.0	14196.0	1687.0	12509.0
340855.0	254099.0	68277.0	1260.0	6326.0	86.0	5353.0	5454.0	1275.0	4179.0
436929.0	375275.0	41458.0	696.0	8973.0	41.0	4440.0	6046.0	426.0	5620.0
98255.0	59266.0	35420.0	307.0	1182.0	76.0	72.0	1932.0	384.0	1548.0
81509.0	68622.0	10213.0	336.0	353.0	0.0	460.0	1525.0	279.0	1246.0
176619.0	127713.0	32748.0	2000.0	3049.0	667.0	2488.0	7954.0	356.0	7598.0
67106.0	58245.0	5186.0	201.0	81.0	0.0	2296.0	1097.0	338.0	759.0
268921.0	216701.0	35803.0	373.0	8402.0	0.0	2320.0	5322.0	977.0	4345.0
935088.0	380902.0	485623.0	1180.0	22731.0	0.0	29183.0	15469.0	2643.0	12826.0
157419.0	149027.0	2681.0	668.0	1029.0	145.0	1434.0	2435.0	31.0	2404.0
163686.0	147483.0	11538.0	870.0	2166.0	0.0	237.0	1392.0	118.0	1274.0
124353.0	115225.0	5135.0	499.0	901.0	0.0	448.0	2145.0	0.0	2145.0
188560.0	169564.0	8410.0	277.0	5501.0	0.0	1483.0	3325.0	268.0	3057.0
116617.0	103834.0	7984.0	600.0	1404.0	77.0	1598.0	1120.0	288.0	832.0
87669.0	70813.0	13597.0	213.0	841.0	0.0	1240.0	965.0	0.0	965.0
75115.0	65389.0	5101.0	637.0	807.0	0.0	1682.0	1499.0	0.0	1499.0
315196.0	208880.0	64772.0	2753.0	10793.0	893.0	9657.0	17448.0	1341.0	16107.0
1756153.0	1319975.0	123859.0	11238.0	40987.0	1501.0	199650.0	58943.0	17757.0	41186.0
92793.0	65134.0	22468.0	882.0	663.0	284.0	1845.0	1517.0	134.0	1383.0
319973.0	247428.0	40146.0	1659.0	16386.0	0.0	9678.0	4676.0	2206.0	2470.0
197632.0	147552.0	21141.0	455.0	10816.0	0.0	13202.0	4466.0	1142.0	3324.0
414123.0	374759.0	1709.0	981.0	2603.0	0.0	29212.0	4859.0	3304.0	1555.0
812226.0	597594.0	67714.0	3698.0	92811.0	653.0	26072.0	23684.0	2855.0	20829.0
111963.0	102328.0	1617.0	654.0	507.0	0.0	1754.0	5103.0	627.0	4476.0
76508.0	54711.0	13955.0	121.0	2013.0	1257.0	1553.0	2898.0	51.0	2847.0
2416014.0	1388591.0	520970.0	7683.0	124262.0	1309.0	310750.0	62449.0	17298.0	45151.0
686406.0	537396.0	58113.0	3983.0	45881.0	441.0	19492.0	21100.0	3297.0	17803.0
140111.0	122050.0	6200.0	578.0	561.0	48.0	6800.0	3874.0	829.0	3045.0
152753.0	130110.0	13617.0	965.0	690.0	45.0	3772.0	3554.0	609.0	2945.0
820790.0	655484.0	27469.0	3711.0	8949.0	1262.0	104445.0	19470.0	8091.0	11379.0
606953.0	332659.0	128025.0	1247.0	105822.0	26.0	27105.0	12069.0	3224.0	8845.0
295747.0	233822.0	41173.0	1031.0	9446.0	144.0	5151.0	4980.0	1220.0	3760.0
121419.0	105382.0	6710.0	1955.0	1234.0	212.0	1886.0	4040.0	807.0	3233.0
123081.0	91331.0	26239.0	249.0	1688.0	0.0	2149.0	1425.0	496.0	929.0
135757.0	114610.0	9910.0	82.0	2596.0	70.0	5564.0	2925.0	791.0	2134.0
4180894.0	2595185.0	783773.0	16522.0	258336.0	2445.0	435638.0	88995.0	27823.0	61172.0
164050.0	123187.0	4795.0	435.0	3130.0	434.0	29416.0	2653.0	190.0	2463.0
78826.0	69969.0	4767.0	0.0	320.0	57.0	1727.0	1986.0	172.0	1814.0
797810.0	742687.0	3368.0	1634.0	8578.0	0.0	35053.0	6490.0	3023.0	3467.0
86531.0	67335.0	7893.0	427.0	746.0	0.0	8220.0	1910.0	167.0	1743.0
252802.0	142023.0	84726.0	488.0	8655.0	111.0	13231.0	3568.0	1050.0	2518.0
152734.0	141632.0	4756.0	1122.0	1382.0	0.0	1472.0	2370.0	618.0	1752.0
105358.0	86678.0	8853.0	824.0	605.0	1325.0	3169.0	3904.0	570.0	3334.0
76206.0	61162.0	9349.0	349.0	0.0	0.0	4434.0	912.0	409.0	503.0
283910.0	224984.0	19817.0	1833.0	6076.0	293.0	20402.0	10505.0	5350.0	5155.0
238564.0	190621.0	34967.0	413.0	3394.0	107.0	5095.0	3967.0	911.0	3056.0
140308.0	117933.0	9996.0	354.0	2555.0	10.0	7361.0	2099.0	640.0	1459.0
471734.0	413015.0	20134.0	2798.0	10422.0	0.0	11996.0	13369.0	1317.0	12052.0
65466.0	50490.0	12209.0	523.0	912.0	0.0	1099.0	233.0	103.0	130.0
343281.0	298163.0	13953.0	1821.0	5485.0	377.0	14491.0	8991.0	2731.0	6260.0
82487.0	70416.0	7395.0	682.0	1055.0	0.0	2491.0	448.0	70.0	378.0
118376.0	111460.0	2578.0	935.0	769.0	0.0	1102.0	1532.0	311.0	1221.0
122285.0	96011.0	12062.0	1448.0	4897.0	229.0	3412.0	4226.0	1097.0	3129.0
123351.0	110234.0	2850.0	468.0	1717.0	81.0	3396.0	4605.0	776.0	3829.0
81290.0	70092.0	3294.0	680.0	2031.0	495.0	2207.0	2491.0	561.0	1930.0
64726.0	59988.0	1800.0	0.0	586.0	37.0	1597.0	718.0	356.0	362.0
213381.0	162025.0	38808.0	712.0	2913.0	196.0	5808.0	2919.0	810.0	2109.0
1849815.0	1340989.0	276898.0	13792.0	85569.0	2827.0	82842.0	46898.0	11558.0	35340.0
132755.0	112860.0	9990.0	293.0	2425.0	0.0	3433.0	3754.0	1363.0	2391.0
111823.0	96683.0	5379.0	723.0	1089.0	0.0	5607.0	2342.0	766.0	1576.0
1063130.0	769310.0	89552.0	7385.0	58837.0	243.0	111334.0	26469.0	6035.0	20434.0
87545.0	71959.0	4199.0	542.0	1048.0	0.0	4056.0	5741.0	406.0	5335.0
256496.0	238781.0	316.0	1623.0	2344.0	0.0	11716.0	1716.0	1021.0	695.0
130698.0	107230.0	13405.0	856.0	2696.0	70.0	1873.0	4568.0	1087.0	3481.0
442782.0	366423.0	29290.0	1594.0	21888.0	44.0	11897.0	11646.0	2105.0	9541.0
114699.0	105009.0	935.0	766.0	2228.0	284.0	2632.0	2845.0	694.0	2151.0
311811.0	279345.0	4365.0	926.0	5388.0	1932.0	11033.0	8822.0	1382.0	7440.0
1048985.0	887034.0	17388.0	8860.0	34794.0	15871.0	55051.0	29987.0	5735.0	24252.0
530499.0	486592.0	3823.0	3160.0	8586.0	5330.0	11727.0	11281.0	2077.0	9204.0
141666.0	133144.0	236.0	2402.0	523.0	1222.0	1177.0	2962.0	184.0	2778.0
234420.0	198783.0	2844.0	1501.0	2409.0	511.0	22075.0	6297.0	814.0	5483.0
157491.0	145321.0	2709.0	324.0	3786.0	15.0	444.0	4892.0	309.0	4583.0
100553.0	82863.0	10141.0	217.0	4746.0	0.0	190.0	2396.0	119.0	2277.0
216004.0	152764.0	18017.0	1443.0	20711.0	237.0	16422.0	6410.0	998.0	5412.0
74897.0	68646.0	3226.0	184.0	405.0	121.0	1506.0	809.0	140.0	669.0
320277.0	225361.0	71352.0	555.0	11090.0	772.0	3058.0	8089.0	1016.0	7073.0
1100692.0	693211.0	104886.0	3966.0	192315.0	842.0	49895.0	55577.0	11779.0	43798.0
79666.0	72587.0	3162.0	15.0	767.0	0.0	695.0	2440.0	415.0	2025.0
100342.0	86066.0	9224.0	210.0	1241.0	0.0	1316.0	2285.0	130.0	2155.0
310445.0	187072.0	89960.0	1439.0	20501.0	117.0	4139.0	7217.0	754.0	6463.0
325405.0	228946.0	26543.0	753.0	48289.0	0.0	9937.0	10937.0	1749.0	9188.0
94342.0	82054.0	4082.0	452.0	4813.0	0.0	969.0	1972.0	0.0	1972.0
419006.0	258366.0	84329.0	2381.0	32793.0	105.0	21723.0	19309.0	1316.0	17993.0
92740.0	82580.0	5679.0	72.0	2662.0	0.0	229.0	1518.0	54.0	1464.0
124327.0	92019.0	19547.0	203.0	2747.0	0.0	6850.0	2961.0	110.0	2851.0
132133.0	94157.0	22106.0	862.0	3691.0	472.0	6247.0	4598.0	290.0	4308.0
66134.0	50465.0	9263.0	17.0	3864.0	208.0	705.0	1612.0	155.0	1457.0
144301.0	93723.0	30380.0	310.0	8547.0	0.0	5304.0	6037.0	1125.0	4912.0
225050.0	140666.0	65759.0	609.0	7439.0	391.0	3033.0	7153.0	708.0	6445.0
136401.0	59098.0	68574.0	560.0	3086.0	39.0	791.0	4253.0	614.0	3639.0
76503.0	51780.0	20921.0	229.0	1930.0	0.0	215.0	1428.0	163.0	1265.0
179611.0	91478.0	72777.0	581.0	5172.0	264.0	2343.0	6996.0	543.0	6453.0
242628.0	115500.0	102621.0	917.0	8528.0	418.0	5153.0	9491.0	586.0	8905.0
95684.0	39758.0	50965.0	70.0	643.0	0.0	1225.0	3023.0	304.0	2719.0
205533.0	89030.0	101361.0	286.0	4904.0	31.0	3053.0	6868.0	44.0	6824.0
96714.0	62443.0	24781.0	188.0	1933.0	0.0	1912.0	5457.0	0.0	5457.0
84930.0	44314.0	34648.0	103.0	664.0	0.0	339.0	4862.0	26.0	4836.0
442707.0	302996.0	86949.0	1705.0	28736.0	240.0	5507.0	16574.0	967.0	15607.0
180678.0	146030.0	3047.0	1235.0	5515.0	194.0	19792.0	4865.0	1698.0	3167.0
73477.0	64327.0	668.0	301.0	478.0	119.0	5689.0	1895.0	337.0	1558.0
71838.0	63064.0	234.0	4559.0	851.0	13.0	227.0	2890.0	216.0	2674.0
433418.0	373644.0	8059.0	3443.0	18028.0	2220.0	9904.0	18120.0	513.0	17607.0
102478.0	92646.0	407.0	811.0	1108.0	52.0	1814.0	5640.0	668.0	4972.0
83455.0	44445.0	725.0	37.0	3472.0	72.0	32378.0	2326.0	1356.0	970.0
91265.0	60226.0	944.0	884.0	892.0	56.0	25483.0	2780.0	632.0	2148.0
72546.0	61899.0	627.0	2881.0	698.0	332.0	2853.0	3256.0	402.0	2854.0
78971.0	66767.0	1719.0	605.0	3611.0	439.0	1441.0	4389.0	796.0	3593.0
1969722.0	1374356.0	123160.0	15256.0	289879.0	15232.0	55322.0	96517.0	10085.0	86432.0
254633.0	206332.0	7039.0	4777.0	12738.0	2074.0	5760.0	15913.0	1650.0	14263.0
75901.0	69875.0	493.0	687.0	680.0	0.0	1388.0	2778.0	477.0	2301.0
807904.0	611022.0	52209.0	8269.0	49214.0	10685.0	19289.0	57216.0	3184.0	54032.0
118109.0	103100.0	1055.0	2504.0	1965.0	273.0	6013.0	3199.0	872.0	2327.0
722400.0	579773.0	15705.0	8670.0	67095.0	3206.0	14994.0	32957.0	1855.0	31102.0
473761.0	421669.0	9512.0	7771.0	10409.0	1909.0	4202.0	18289.0	670.0	17619.0
256591.0	214384.0	6225.0	3301.0	15086.0	2261.0	3917.0	11417.0	280.0	11137.0
203663.0	178024.0	2188.0	4471.0	8985.0	0.0	3061.0	6934.0	531.0	6403.0
247141.0	190137.0	1389.0	8250.0	3165.0	138.0	34965.0	9097.0	2689.0	6408.0
105750.0	92718.0	7445.0	337.0	911.0	47.0	1681.0	2611.0	119.0	2492.0
96653.0	88217.0	4060.0	218.0	697.0	0.0	190.0	3271.0	0.0	3271.0
192315.0	171497.0	5932.0	177.0	1810.0	0.0	60.0	12839.0	61.0	12778.0
98528.0	89744.0	3184.0	150.0	3371.0	0.0	81.0	1998.0	0.0	1998.0
79127.0	69665.0	6995.0	82.0	908.0	0.0	785.0	692.0	30.0	662.0
87120.0	83947.0	969.0	106.0	383.0	0.0	319.0	1396.0	66.0	1330.0
251412.0	222367.0	6807.0	4923.0	7033.0	25.0	2747.0	7510.0	868.0	6642.0
495959.0	424372.0	25309.0	1373.0	23814.0	239.0	7063.0	13789.0	1307.0	12482.0
88661.0	83770.0	2060.0	216.0	333.0	0.0	519.0	1763.0	312.0	1451.0
99879.0	92332.0	322.0	455.0	3838.0	0.0	183.0	2749.0	0.0	2749.0
102079.0	95409.0	1499.0	128.0	1464.0	67.0	2214.0	1298.0	81.0	1217.0
83943.0	80164.0	720.0	21.0	464.0	0.0	606.0	1968.0	219.0	1749.0
167293.0	148041.0	11990.0	610.0	2328.0	107.0	1489.0	2728.0	342.0	2386.0
115572.0	106054.0	2079.0	635.0	4966.0	0.0	739.0	1099.0	188.0	911.0
80976.0	75921.0	195.0	338.0	2146.0	0.0	1111.0	1265.0	61.0	1204.0
134400.0	123519.0	428.0	397.0	6632.0	38.0	193.0	3193.0	190.0	3003.0
952532.0	596787.0	249362.0	4766.0	32666.0	349.0	36839.0	31763.0	5381.0	26382.0
177913.0	164007.0	1813.0	2809.0	5451.0	30.0	1057.0	2746.0	158.0	2588.0
86568.0	82033.0	1403.0	261.0	1659.0	0.0	570.0	642.0	0.0	642.0
70084.0	66481.0	70.0	341.0	1720.0	0.0	156.0	1316.0	1.0	1315.0
195388.0	161693.0	22142.0	758.0	2654.0	0.0	4958.0	3183.0	647.0	2536.0
160092.0	145088.0	7145.0	171.0	1849.0	0.0	1958.0	3881.0	197.0	3684.0
84922.0	81396.0	629.0	653.0	664.0	0.0	132.0	1448.0	162.0	1286.0
115149.0	105281.0	1845.0	519.0	5587.0	59.0	558.0	1300.0	585.0	715.0
132386.0	127437.0	1026.0	115.0	1601.0	0.0	524.0	1683.0	0.0	1683.0
390730.0	365154.0	5612.0	733.0	10085.0	0.0	3236.0	5910.0	755.0	5155.0
167699.0	155951.0	3138.0	921.0	3994.0	178.0	786.0	2731.0	766.0	1965.0
74785.0	71469.0	252.0	469.0	1744.0	0.0	294.0	557.0	0.0	557.0
92680.0	81679.0	2689.0	928.0	1037.0	8.0	4215.0	2124.0	705.0	1419.0
76366.0	70247.0	880.0	929.0	715.0	0.0	876.0	2719.0	306.0	2413.0
